inchikey2D	inchi	molecularFormula	rank	score	name	smiles	xlogp	pubchemids	links
RNZJRDIKDNXKIJ	InChI=1S/C5H11NO4/c6-3(1-7)5(10)4(9)2-8/h1,3-5,8-10H,2,6H2	C5H11NO4	1	-78.50803938149755	2-Amino-2-deoxyarabinose	C(=O)C(C(C(CO)O)O)N	-2.72000003	""	PubChem:(188989 18534028 22887086 55281819 55281896 88742073 88742438 102063636);biological
MMXFRBUSRCGQCE	InChI=1S/C5H11NO4/c6-5(3(9)1-7)4(10)2-8/h1,3-5,8-10H,2,6H2	C5H11NO4	2	-85.36898625989595	""	C(=O)C(C(C(CO)O)N)O	-2.72000003	""	PubChem:(18519479 55289672 55289864)
SBPLOZYETJDBKI	InChI=1S/C5H11NO4/c6-2-4(8)3(7)1-5(9)10/h3-4,7-8H,1-2,6H2,(H,9,10)	C5H11NO4	3	-86.16385575078537	""	C(C(C(CN)O)O)C(=O)O	-2.36999989	""	EcoCyc Mine;PubChem:(54297184);YMDB Mine;KEGG Mine
NSKJHRGIUMZEHF	InChI=1S/C5H11NO4/c6-1-3(8)5(10)4(9)2-7/h3,5,7-8,10H,1-2,6H2	C5H11NO4	4	-89.0955861053309	5-amino-1,3,4-trihydroxypentan-2-one	C(C(C(C(=O)CO)O)O)N	-3.23399997	""	PubChem:(17968736 87928487 87928505 87928576 87928603)
YECZZWUIAXEARY	InChI=1S/C5H11NO4/c6-3(1-7)5(10)4(9)2-8/h2-5,7,9-10H,1,6H2	C5H11NO4	5	-91.51343887829194	4-Amino-4-deoxyarabinose	C(C(C(C(C=O)O)O)N)O	-2.72000003	""	PubChem:(3080774 22298588 55284610 55289189 71437049 73949467 88732457 88743091);EcoCyc Mine;biological
RHMZEZFUUWYJOV	InChI=1S/C5H13NO5/c6-5(11)4(10)3(9)2(8)1-7/h2-5,7-11H,1,6H2	C5H13NO5	6	-94.1473124906296	1-aminopentane-1,2,3,4,5-pentol	C(C(C(C(C(N)O)O)O)O)O	-3.82599998	""	PubChem:(23390359)
OKQZBKTWBBHSMG	InChI=1S/C5H11NO4/c6-1-3(8)5(10)4(9)2-7/h3-4,7-9H,1-2,6H2	C5H11NO4	7	-98.05383963843038	""	C(C(C(=O)C(CO)O)O)N	-3.16799998	""	PubChem:(54155354 76107741 90797674 91316570);biological
IKHXAQXDRKSBCU	InChI=1S/C5H11NO4/c6-1-3(8)5(10)4(9)2-7/h2-5,8-10H,1,6H2	C5H11NO4	8	-98.53826767400652	""	C(C(C(C(C=O)O)O)O)N	-2.72000003	""	PubChem:(55289499 87158598 87158755);EcoCyc Mine
HPQGIDPCWDOJIW	InChI=1S/C5H11NO4/c6-5(3(9)1-7)4(10)2-8/h3,5,7-9H,1-2,6H2	C5H11NO4	9	-100.43355626758301	""	C(C(C(C(=O)CO)N)O)O	-3.23399997	""	PubChem:(53889720)
NKRSULMKNYDBPT	InChI=1S/C5H11NO4/c6-1-2-3(7)4(8)5(9)10-2/h2-5,7-9H,1,6H2	C5H11NO4	10	-100.5382057233537	""	C(C1C(C(C(O)O1)O)O)N	-1.52100003	""	PubChem:(89160266 89194762 89261862 89811813);EcoCyc Mine
WVFLQJAIFBHEMM	InChI=1S/C5H11NO4/c6-3-4(8)2(1-7)10-5(3)9/h2-5,7-9H,1,6H2	C5H11NO4	11	-102.3868187101029	""	C(C1C(C(C(O)O1)N)O)O	-1.52100003	""	PubChem:(9877415 10986404 12312605 45079023 54451376 55288704 55289129 55290471 88993863)
YHKGTFSEJPIKDQ	InChI=1S/C5H11NO4/c6-3(1-7)5(10)4(9)2-8/h3-4,7-9H,1-2,6H2	C5H11NO4	12	-104.3840185940901	""	C(C(C(=O)C(CO)O)N)O	-3.16799998	""	PubChem:(54508462 54508461 54508463 54508464);biological
CSLCLLUJTJKWCG	InChI=1S/C5H11NO4/c6-2-3(7)1-4(8)5(9)10/h3-4,7-8H,1-2,6H2,(H,9,10)	C5H11NO4	13	-105.3086648856882	""	C(C(CN)O)C(C(=O)O)O	-2.10400009	""	PubChem:(55285736 55285738 55285878 55289877);KEGG Mine
CKTSPAXEVIBYFI	InChI=1S/C5H11NO4/c6-3-2(1-7)10-5(9)4(3)8/h2-5,7-9H,1,6H2	C5H11NO4	14	-105.36234701938734	b-D-Ribofuranose, 3-amino-3-deoxy-	C(C1C(C(C(O)O1)O)N)O	-1.52100003	""	PubChem:(45079007 45079029 45079031 45079032 55290830 69033271 75088751);biological;Natural Products:(UNPD70665)
ZGPHAZHLWWSPMV	InChI=1S/C5H11NO4/c6-1-3(8)5(10)4(9)2-7/h4-5,7,9-10H,1-2,6H2	C5H11NO4	15	-107.23282008097497	1-amino-3,4,5-trihydroxypentan-2-one	C(C(=O)C(C(CO)O)O)N	-3.23399997	""	PubChem:(22107376 55291020 88317950);EcoCyc Mine;KEGG Mine
ZHPXPIBNJOTROP	InChI=1S/C5H11NO4/c6-2-1-3(7)4(8)5(9)10/h3-4,7-8H,1-2,6H2,(H,9,10)	C5H11NO4	16	-111.41012114264896	""	C(CN)C(C(C(=O)O)O)O	-2.10400009	""	KEGG Mine
MNEGOIQRDZMOLW	InChI=1S/C5H11NO4/c6-4(5(9)10)1-3(8)2-7/h3-4,7-8H,1-2,6H2,(H,9,10)	C5H11NO4	17	-115.9644472163279	2-amino-4,5-dihydroxypentanoic acid	C(C(CO)O)C(C(=O)O)N	-4.26999998	""	EcoCyc Mine;biological;Natural Products:(UNPD130087);PubChem:(11194422 14189620 54081107 55289907 58205958 88519154);YMDB Mine;KEGG Mine
ZGXJTSGNIOSYLO	InChI=1S/C5H9NO3/c6-3-4(7)1-2-5(8)9/h1-3,6H2,(H,8,9)	C5H9NO3	18	-117.09782649617175	Aladerm	C(CC(=O)O)C(=O)CN	-1.54900002	""	training set;HMDB:(1149);KNApSAcK:(7378);Natural Products:(UNPD32444);PubChem:(137 7048523 9989311 10103212 10464395 10559048 10606779 10678286 10920929 10986271 10986684 10997458 11018904 11052067 11321196 11378507 12087605 12087606 12087611 12358376 16722119 71308951 101868583 102066903 102355206 118718878 118719118);CHEBI:(12109 356416 17549 132970);KEGG:(C00430);biological;Plantcyc:(5-AMINO-LEVULINATE);YMDB:(83)
RWBZBZPUFHHHCU	InChI=1S/C5H11NO4/c6-3-2(7)1-10-5(9)4(3)8/h2-5,7-9H,1,6H2	C5H11NO4	19	-117.23504513006567	Arabinopyranose,3-amino-3-deoxy-	C1C(C(C(C(O)O1)O)N)O	-1.52100003	""	PubChem:(45079008 45079015 54288869 55289045 55290659 89012222)
GSVBSCHJNFKMTR	InChI=1S/C5H9NO3/c6-4-2(5(8)9)1-3(4)7/h2-4,7H,1,6H2,(H,8,9)	C5H9NO3	20	-122.33607114124436	Cyclobutanecarboxylicacid, 2-amino-3-hydroxy-, (1S,2R,3S)-	C1C(C(C1O)N)C(=O)O	-0.785000026	""	PubChem:(45089092 45089093 68112615 75089184)
IKUARJIVEGHSOP	InChI=1S/C5H11NO4/c6-4(5(9)10)3(8)1-2-7/h3-4,7-8H,1-2,6H2,(H,9,10)	C5H11NO4	21	-122.69315647219852	""	C(CO)C(C(C(=O)O)N)O	-4.26999998	""	PubChem:(87789686)
FXFCWLXDQUYZSE	InChI=1S/C5H11NO4/c6-3-4(8)2(7)1-10-5(3)9/h2-5,7-9H,1,6H2	C5H11NO4	22	-123.34849582441049	3-aminooxane-2,4,5-triol	C1C(C(C(C(O)O1)N)O)O	-1.52100003	""	PubChem:(436413 9812814 9834002 45079014 50990898 55281423 55289046 55289047 55289988 55290829 59854309 59854310 92149053 92268382 92268385);biological;Natural Products:(UNPD158593)
GRHIWHJZSCBMFQ	InChI=1S/C5H11NO4/c7-2-1-6-3(4(2)8)5(9)10/h2-10H,1H2	C5H11NO4	23	-123.90883620166218	""	C1C(C(C(C(O)O)N1)O)O	-0.791999996	""	PubChem:(57244171)
GLBZTEXOKUGEES	InChI=1S/C5H9NO3/c1-3(7)4(6)2-5(8)9/h4H,2,6H2,1H3,(H,8,9)	C5H9NO3	24	-124.0627945977779	3-amino-4-oxopentanoic acid	CC(=O)C(CC(=O)O)N	-1.27600002	""	PubChem:(190323 40536180 40536181 40536182 40536183 58932736);KEGG Mine
OEVMNXDFKAZCIM	InChI=1S/C5H11NO4/c6-2-1-10-5(9)4(8)3(2)7/h2-5,7-9H,1,6H2	C5H11NO4	25	-125.4265777392173	beta-L-Ara4N	C1C(C(C(C(O)O1)O)O)N	-1.52100003	""	Natural Products:(UNPD181148);PubChem:(656422 14133493 17756759 17756760 17756761 21155398 25203625 45079006 45082874 91105689 91466751);CHEBI:(46991 46992 46993);KEGG:(C20931);biological;Biocyc:(4-AMINO-4-DEOXY-L-ARABINOSE);KEGG Mine
KHVCOYGKHDJPBZ	InChI=1S/C5H11NO4/c7-2-4-5(9)3(8)1-6-10-4/h3-9H,1-2H2	C5H11NO4	26	-127.87868830673658	(4R,5S,6R)-6-(hydroxymethyl)oxazinane-4,5-diol	C1C(C(C(CO)ON1)O)O	-0.316000015	""	PubChem:(449101 23644092 93485843);biological
BGNHKUIIODLDPN	InChI=1S/C5H9NO3/c7-2-3-1-4(8)5(9)6-3/h3-4,7-8H,1-2H2,(H,6,9)	C5H9NO3	27	-129.23503325563536	""	C1C(CO)N=C(C1O)O	-0.834999979	""	PubChem:(118414387 118414727 123554782)
LZCRRHQKPAEPKL	InChI=1S/C5H11NO4/c6-1-2(7)4(9)5(10)3(1)8/h1-5,7-10H,6H2	C5H11NO4	28	-133.6668209835779	Mannostatin analogue, 4a	C1(C(C(C(C1O)O)O)O)N	-1.28199995	""	PubChem:(10261237 10351853 11987837 13880378 17758491 42628065 55281173 55284179 55284180 55285611 72199786);biological
BWHGMFYTDQEALD	InChI=1S/C5H9NO3/c6-3-1-2-4(7)5(8)9/h1-3,6H2,(H,8,9)	C5H9NO3	29	-134.96057868660407	2-keto-ornithine	C(CC(=O)C(=O)O)CN	-1.01400006	""	HMDB:(6272);PubChem:(439402 5459975 25200452);YMDB Mine;CHEBI:(49268 58802 17572);EcoCyc Mine;KEGG:(C01110);biological;Plantcyc:(5-AMINO-2-OXOPENTANOATE);Biocyc:(5-AMINO-2-OXOPENTANOATE)
ALFBRBITHVKDCZ	InChI=1S/C5H9NO3/c6-2-1-4(7)3-5(8)9/h1-3,6H2,(H,8,9)	C5H9NO3	30	-135.50807610415782	5-amino-3-oxopentanoic acid	C(CN)C(=O)CC(=O)O	-0.980000019	""	PubChem:(20542556)
WKBJRKIKDLMWOP	InChI=1S/C5H11NO4/c1-2(6)3(7)4(8)5(9)10/h2-4,7-8H,6H2,1H3,(H,9,10)	C5H11NO4	31	-137.03662877101507	""	CC(C(C(C(=O)O)O)O)N	-2.00200009	""	PubChem:(83350044)
CPAQBJHECUWPEN	InChI=1S/C5H11NO4/c7-1-2-3(8)4(9)5(10)6-2/h2-10H,1H2	C5H11NO4	32	-137.64637849631418	(3R,4R,5R)-5-(hydroxymethyl)pyrrolidine-2,3,4-triol	C(C1C(C(C(N1)O)O)O)O	-0.791999996	""	PubChem:(15607342 45082882 55286654 55287993 55300235 91218479 101853820)
GBJYEMDDIXSJQJ	InChI=1S/C5H11NO4/c7-2-4(9)1-6-5(10)3-8/h4,7-9H,1-3H2,(H,6,10)	C5H11NO4	33	-137.71484229423763	N-(2,3-dihydroxypropyl)-2-hydroxyacetamide	C(C(CO)O)N=C(CO)O	-2.28999996	""	PubChem:(19987833 59234724 59234743)
CSMDUQVKNYVBHA	InChI=1S/C5H11NO4/c6-5(10)1-3(8)4(9)2-7/h3-4,7-9H,1-2H2,(H2,6,10)	C5H11NO4	34	-140.18287494372993	""	C(C(C(CO)O)O)C(=N)O	-1.89699996	""	PubChem:(53737870 55289865)
FCPMMZBTHMRVTA	InChI=1S/C5H9NO3/c1-2-3(6)4(7)5(8)9/h3H,2,6H2,1H3,(H,8,9)	C5H9NO3	35	-140.6419781593792	""	CCC(C(=O)C(=O)O)N	-0.646000028	""	PubChem:(18959836 89586345)
LJLLAWRMBZNPMO	InChI=1S/C5H9NO3/c1-4(7)6-3-2-5(8)9/h2-3H2,1H3,(H,6,7)(H,8,9)	C5H9NO3	36	-140.6871831205793	Ac-beta-Ala-OH	CC(=NCCC(=O)O)O	-0.331999987	""	HMDB:(61880);PubChem:(76406 6950953 123447043);YMDB Mine;CHEBI:(16682 57857);KEGG:(C01073);biological;Biocyc:(CPD-580)
QUCHWTCTBHQQDU	InChI=1S/C5H9NO3/c1-3(7)2-4(6)5(8)9/h4H,2,6H2,1H3,(H,8,9)	C5H9NO3	37	-141.26622893808045	4-oxonorvaline	CC(=O)CC(C(=O)O)N	-3.44199991	""	PubChem:(423 439983 3014279 11029881 21594420 25201133 25201293);YMDB Mine;CHEBI:(15914 57563 134102 136679);EcoCyc Mine;KEGG:(C03341);biological;Biocyc:(2-AMINO-4-OXO-PENTOATE CPD-299)
GLHGLJXRNLWYGQ	InChI=1S/C5H13NO5/c6-5(11,2-8)4(10)3(9)1-7/h3-4,7-11H,1-2,6H2	C5H13NO5	38	-141.52873754128603	""	C(C(C(C(CO)(N)O)O)O)O	-3.86899996	""	PubChem:(53844317 76077167)
TVIQMPIDUQPYHU	InChI=1S/C5H11NO4/c6-5(10)4(9)1-3(8)2-7/h3-4,7-9H,1-2H2,(H2,6,10)	C5H11NO4	39	-141.55532967215603	""	C(C(CO)O)C(C(=N)O)O	-1.63100004	""	PubChem:(88668446)
UWEHARAMQQYECY	InChI=1S/C5H9NO3/c6-2-3-1-4(9-3)5(7)8/h3-4H,1-2,6H2,(H,7,8)	C5H9NO3	40	-141.8183907043662	""	C1C(CN)OC1C(=O)O	-1.08599997	""	PubChem:(105427569)
WUOBBJCNDYYTAI	InChI=1S/C5H11NO4/c7-1-4(2-8)6-5(10)3-9/h4,7-9H,1-3H2,(H,6,10)	C5H11NO4	41	-142.02547722938823	""	C(C(CO)N=C(CO)O)O	-2.22399998	""	PubChem:(126994288)
CCXHJBJLXXIVOZ	InChI=1S/C5H11NO4/c1-2(7)4(8)3(6)5(9)10/h2-4,7-8H,6H2,1H3,(H,9,10)	C5H11NO4	42	-142.13202491719846	""	CC(C(C(C(=O)O)N)O)O	-4.16800022	""	PubChem:(55285705 55285706)
SKEKPUHJRDTHLE	InChI=1S/C5H9NO3/c6-4(1-2-7)3-5(8)9/h2,4H,1,3,6H2,(H,8,9)	C5H9NO3	43	-142.89797132146876	""	C(C=O)C(CC(=O)O)N	-1.03499997	""	EcoCyc Mine;PubChem:(18186155 54309969);YMDB Mine;KEGG Mine
RZPJQLUVIIOPQF	InChI=1S/C5H11NO4/c7-2-1-6-5(10)4(9)3-8/h4,7-9H,1-3H2,(H,6,10)	C5H11NO4	44	-143.29151935413964	""	C(CO)N=C(C(CO)O)O	-2.22399998	""	PubChem:(88616744)
MBLSTOSZWYBNJB	InChI=1S/C5H11NO4/c6-2(4(7)8)1-3-5(9)10-3/h2-5,7-9H,1,6H2	C5H11NO4	45	-143.9259838415806	""	C(C(C(O)O)N)C1C(O)O1	-2.31299996	""	PubChem:(123462841)
UUSMORJRYZFLSS	InChI=1S/C5H11NO4/c6-5-4(9)3(8)2(1-7)10-5/h2-5,7-9H,1,6H2	C5H11NO4	46	-145.79262907476752	beta-L-lyxofuranosylamine	C(C1C(C(C(N)O1)O)O)O	-1.52100003	""	EcoCyc Mine;biological;PubChem:(408886 6455858 18661326 18661327 44224017 53750745 55291452 66827964 67498508 68634134 68634137 70404934);YMDB Mine;CHEBI:(45312);KEGG Mine
RHBRWZCXFCBLLB	InChI=1S/C5H9NO3/c6-2-1-4(8)5(9)3-7/h4-5,7-9H,1,3H2	C5H9NO3	47	-146.215240008647	(3S,4R)-3,4,5-trihydroxypentanenitrile	C(C#N)C(C(CO)O)O	-2.19199991	""	PubChem:(11240494 56610433 88229437)
BVRRHEFLWAGQQE	InChI=1S/C5H9NO3/c6-3-1-2-5(3,9)4(7)8/h3,9H,1-2,6H2,(H,7,8)	C5H9NO3	48	-146.26221134061743	""	C1CC(C1N)(C(=O)O)O	-0.702000022	""	PubChem:(68061660)
OEDDYNCDSIXCJW	InChI=1S/C5H11NO4/c7-3-5(9)1-4(8)2-6-10/h4-5,7-9H,1-3H2	C5H11NO4	49	-147.0328108159285	""	C(C(CN=O)O)C(CO)O	-1.86500001	""	PubChem:(89138563)
WBSHKPHBCVYGRZ	InChI=1S/C5H9NO3/c6-3-1-4(5(7)8)9-2-3/h3-4H,1-2,6H2,(H,7,8)	C5H9NO3	50	-147.16300595414154	(2R,4R)-4-aminooxolane-2-carboxylic acid	C1C(COC1C(=O)O)N	-1.08599997	""	PubChem:(13314196 13314197 13314198 45089100 45089101);EcoCyc Mine
NQLWMERRJJFAJB	InChI=1S/C5H9NO3/c1-3(8)5(9)4(6)2-7/h4,7H,2,6H2,1H3	C5H9NO3	51	-148.13427865386163	""	CC(=O)C(=O)C(CO)N	-1.87399995	""	PubChem:(57005433)
SSQGAADCVOQXFJ	InChI=1S/C5H11NO4/c1-3(8)5(10)6-4(9)2-7/h3-4,7-9H,2H2,1H3,(H,6,10)	C5H11NO4	52	-148.59611677546448	""	CC(C(=NC(CO)O)O)O	-1.56099999	""	PubChem:(90184648)
SWYKVSDDMVYTMC	InChI=1S/C5H11NO4/c7-2-1-4(9)6-5(10)3-8/h5,7-8,10H,1-3H2,(H,6,9)	C5H11NO4	53	-148.6377996220573	""	C(CO)C(=NC(CO)O)O	-1.92900002	""	PubChem:(91399774)
MSTIDUJDVFUBEX	InChI=1S/C5H13NO5/c6-11-4(2-8)5(10)3(9)1-7/h3-5,7-10H,1-2,6H2	C5H13NO5	54	-148.71293270751153	""	C(C(C(C(CO)ON)O)O)O	-3.73399997	""	PubChem:(20058189 88501065)
KFMNCVHHJDMNBE	InChI=1S/C5H9NO3/c7-3-1-4(8)5(9)6-2-3/h3-4,7-8H,1-2H2,(H,6,9)	C5H9NO3	55	-149.10207857959355	""	C1C(CN=C(C1O)O)O	-0.901000023	""	PubChem:(55287729 55298714 55299009 55299010)
WKOWSDXUHURNQU	InChI=1S/C5H11NO4/c6-2(1-3(7)8)4-5(9)10-4/h2-5,7-9H,1,6H2	C5H11NO4	56	-149.11889846321276	""	C(C(C1C(O)O1)N)C(O)O	-1.88399994	""	PubChem:(91517672)
MPUUQNGXJSEWTF	InChI=1S/C5H9NO3/c6-4(3-7)1-2-5(8)9/h3-4H,1-2,6H2,(H,8,9)	C5H9NO3	57	-150.04266163636296	glutamate-1-semialdehyde	C(CC(=O)O)C(C=O)N	-0.768999994	""	KNApSAcK:(19659);Natural Products:(UNPD38484);PubChem:(742 129297 16722117 18598770 25244684 53945706);CHEBI:(11022 15757 57501);KEGG:(C03741);biological;Plantcyc:(GLUTAMATE-1-SEMIALDEHYDE)
RFNZLWVXGQZIGN	InChI=1S/C5H9NO3/c1-3(6)2-4(7)5(8)9/h3H,2,6H2,1H3,(H,8,9)	C5H9NO3	58	-150.3109833677157	""	CC(CC(=O)C(=O)O)N	-0.912	""	KEGG Mine
PMMYEEVYMWASQN	InChI=1S/C5H9NO3/c7-3-1-4(5(8)9)6-2-3/h3-4,6-7H,1-2H2,(H,8,9)	C5H9NO3	59	-150.93282576210413	L-Hypro-d3	C1C(CNC1C(=O)O)O	-0.786000013	""	training set;HMDB:(60460);KNApSAcK:(1370);Natural Products:(UNPD32998 UNPD125295 UNPD158736 UNPD167091);PubChem:(825 5810 69248 440014 440015 440074 5238478 5318330 6971053 6971054 6971274 6971279 12310683 21353534 22053309 23248560 45266637 53477636 54196981 58203002 71749211 71749212 87528062 102172039 122203418);CHEBI:(57690 58375 28397 62981 16231 18240 18095 58419 62978 20392 63137 63727);KEGG:(C03651 C03440 C01157 C01015);biological;Plantcyc:(4-HYDROXY-L-PROLINE CIS-4-HYDROXY-D-PROLINE);YMDB:(723);Biocyc:(CIS-4-HYDROXY-D-PROLINE CPD-15178 CPD-17742)
ZLCITKRJBDSPOZ	InChI=1S/C5H11NO4/c7-2-1-6-5(10)4(9)3(2)8/h2-10H,1H2	C5H11NO4	60	-151.45727289803875	""	C1C(C(C(C(N1)O)O)O)O	-0.791999996	""	PubChem:(12798030 45082885 55287193 55287264 55287265 55287266 55287267 55287992 89003694);EcoCyc Mine
VYPZKTBXZXFGPQ	InChI=1S/C5H9NO3/c6-3-1-5(9,2-3)4(7)8/h3,9H,1-2,6H2,(H,7,8)	C5H9NO3	61	-151.7048517383968	""	C1C(CC1(C(=O)O)O)N	-1.55999994	""	PubChem:(66728512)
WPYAMWUCTSKTJB	InChI=1S/C5H11NO4/c1-6-5(10)4(9)3(8)2-7/h3-4,7-9H,2H2,1H3,(H,6,10)	C5H11NO4	62	-152.6797406149886	""	CN=C(C(C(CO)O)O)O	-2.02099991	""	PubChem:(17907813)
QAMUCHVOWSVLHO	InChI=1S/C5H11NO4/c7-1-4(6-3-9)5(10)2-8/h3-5,7-8,10H,1-2H2,(H,6,9)	C5H11NO4	63	-152.81327253775274	""	C(C(C(CO)O)N=CO)O	-2.09500003	""	PubChem:(54365675)
JHEUQECRIRLHSR	InChI=1S/C5H9NO3/c1-9-5(8)2-4(6)3-7/h3-4H,2,6H2,1H3	C5H9NO3	64	-153.26993246385368	methyl 3-amino-4-oxobutanoate	COC(=O)CC(C=O)N	-0.805999994	""	PubChem:(59136347)
YPQYPRYIFPGCPJ	InChI=1S/C5H11NO4/c6-1-3(8)5(10)4(9)2-7/h1,3-10H,2H2	C5H11NO4	65	-154.72592263591682	""	C(=N)C(C(C(CO)O)O)O	-2.24699998	""	PubChem:(10419343 118101559 118101592 118101615 118101619)
SOHAKCGLYBHNOI	InChI=1S/C5H11NO4/c6-1-4(9)5(10,2-7)3-8/h7-8,10H,1-3,6H2	C5H11NO4	66	-154.81660693345003	""	C(C(=O)C(CO)(CO)O)N	-3.58400011	""	PubChem:(118254319)
FYNUJPVPUBDWBX	InChI=1S/C5H11NO4/c7-2-5(10)4(9)1-6-3-8/h3-5,7,9-10H,1-2H2,(H,6,8)	C5H11NO4	67	-155.13643965301057	""	C(C(C(CO)O)O)N=CO	-2.16100001	""	PubChem:(53673084)
RCHFMVMZJYMRLI	InChI=1S/C5H9NO3/c1-2-3(7)4(6)5(8)9/h4H,2,6H2,1H3,(H,8,9)	C5H9NO3	68	-156.1491560759392	""	CCC(=O)C(C(=O)O)N	-3.00500011	""	PubChem:(22123984);KEGG Mine
DBIKKNKVUZJZCZ	InChI=1S/C5H11NO4/c1-3(8)5(6-10)4(9)2-7/h3-5,7-9H,2H2,1H3	C5H11NO4	69	-156.4858842158291	""	CC(C(C(CO)O)N=O)O	-1.69700003	""	PubChem:(89973014)
GEDDJAUZSNFFHH	InChI=1S/C5H11NO4/c7-2-3-5(9)4(8)1-6(3)10/h3-5,7-10H,1-2H2	C5H11NO4	70	-156.82830420976572	(2R,3R,4R)-1-hydroxy-2-(hydroxymethyl)pyrrolidine-3,4-diol	C1C(C(C(CO)N1O)O)O	-1.76400006	""	PubChem:(15484685 71436712)
ZCPSGSFSZBPIMT	InChI=1S/C5H13NO5/c6-11-2-4(9)5(10)3(8)1-7/h3-5,7-10H,1-2,6H2	C5H13NO5	71	-157.52444562984917	""	C(C(C(C(CON)O)O)O)O	-3.73399997	""	PubChem:(88007720)
RZPNJWYRUDDMEA	InChI=1S/C5H11NO4/c7-2-1-6-3-4(8)5(9)10/h4,6-8H,1-3H2,(H,9,10)	C5H11NO4	72	-158.05586873364942	""	C(CO)NCC(C(=O)O)O	-2.10899997	""	PubChem:(87404352)
RXYOHHOUDLLGOS	InChI=1S/C5H9NO3/c1-6-4(3-7)2-5(8)9/h3-4,6H,2H2,1H3,(H,8,9)	C5H9NO3	73	-158.16500350810267	(3R)-3-(methylamino)-4-oxobutanoic acid	CNC(CC(=O)O)C=O	-0.736999989	""	PubChem:(18644886 18644889 20063528);biological
KHOFXFFHJCLLOP	InChI=1S/C5H9NO3/c1-4(8)6-2-5(9)3-7/h7H,2-3H2,1H3,(H,6,8)	C5H9NO3	74	-158.42945043023937	Acetamide, N-(3-hydroxy-2-oxopropyl)-	CC(=NCC(=O)CO)O	-1.60800004	""	PubChem:(53995122)
UGSMOSXDRJEISY	InChI=1S/C5H9NO3/c6-4(3-8)5(9)1-2-7/h2,4,8H,1,3,6H2	C5H9NO3	75	-158.93714425414774	""	C(C=O)C(=O)C(CO)N	-1.33000004	""	PubChem:(57075696)
MKADZLMZCPSMML	InChI=1S/C5H11NO4/c6-3(5(9)10)1-2-4(7)8/h3,5,9-10H,1-2,6H2,(H,7,8)	C5H11NO4	76	-159.12608518215308	4-amino-5,5-dihydroxypentanoic acid	C(CC(=O)O)C(C(O)O)N	-1.875	""	PubChem:(59034700)
HCDCNYHWBSJOJU	InChI=1S/C5H11NO4/c6-3-5(9,10)2-1-4(7)8/h9-10H,1-3,6H2,(H,7,8)	C5H11NO4	77	-159.44079525035357	5-azaniumyl-4,4-dihydroxypentanoate	C(CC(CN)(O)O)C(=O)O	-1.91799998	""	PubChem:(23255848 23255849);biological
RGWXLLFCRBVSBL	InChI=1S/C5H9NO3/c1-6-4(7)2-3-5(8)9/h2-3H2,1H3,(H,6,7)(H,8,9)	C5H9NO3	78	-160.31743579416602	Substrate analogue, 12	CN=C(CCC(=O)O)O	-0.335999995	""	PubChem:(292050 41098289 59712649);KEGG Mine
CYGCWDSHOJWTTL	InChI=1S/C5H11NO4/c1-3(8)5(9)4(2-7)6-10/h3-5,7-9H,2H2,1H3	C5H11NO4	79	-160.867990473911	""	CC(C(C(CO)N=O)O)O	-1.69700003	""	PubChem:(88960193)
UESZZVLLGFJHEC	InChI=1S/C5H11NO4/c7-2-4(3-8)6-1-5(9)10/h4,6-8H,1-3H2,(H,9,10)	C5H11NO4	80	-161.07597726719976	2-(1,3-dihydroxypropan-2-ylamino)acetic acid	C(C(=O)O)NC(CO)CO	-2.17499995	""	PubChem:(18964105)
QUPCOXZVKXONSC	InChI=1S/C5H9NO3/c7-2-3-5(9)4(8)1-6-3/h1,3-5,7-9H,2H2	C5H9NO3	81	-161.55194881128696	Nectrisine	C1=NC(CO)C(C1O)O	-1.02199996	""	biological;KNApSAcK:(17891);Natural Products:(UNPD66139);PubChem:(122106 10080435 10329322 13923278 101705286)
LCURYJNGIZLFLY	InChI=1S/C5H11NO4/c6-3-5(10,1-2-7)4(8)9/h7,10H,1-3,6H2,(H,8,9)	C5H11NO4	82	-162.12866329406114	""	C(CO)C(CN)(C(=O)O)O	-2.454	""	PubChem:(55291019)
RJRCRXCFFUVWAN	InChI=1S/C5H9NO3/c7-3-1-5(9)6-2-4(3)8/h3-4,7-8H,1-2H2,(H,6,9)	C5H9NO3	83	-162.3957365237777	""	C1C(C(CN=C1O)O)O	-1.16700006	""	PubChem:(57413174 71605877 124669244 124669245)
RQBSUMJKSOSGJJ	InChI=1S/C5H11NO4/c6-5-4(9)3(8)2(7)1-10-5/h2-5,7-9H,1,6H2	C5H11NO4	84	-162.57415454957373	D-Lyxosylamine	C1C(C(C(C(N)O1)O)O)O	-1.52100003	""	PubChem:(279077 11693928 12172724 12172725 12172726 12172727 14606037 18602744 27432893 29982805 29982807 45040369 45079018 54279897 54279898 54279899 55285017 55290933 55291090 71749869 71752073 124427683 124427684);biological;CHEBI:(133632)
YPWROKNOLJVFJH	InChI=1S/C5H11NO4/c1-3(6-10)5(9)4(8)2-7/h3-5,7-9H,2H2,1H3	C5H11NO4	85	-163.56513598049472	""	CC(C(C(CO)O)O)N=O	-1.69700003	""	PubChem:(89641384)
UBUUBRWHXLTAAH	InChI=1S/C5H9NO3/c7-3-1-5(9)6-2-4-8/h4,7H,1-3H2,(H,6,9)	C5H9NO3	86	-164.26261210948152	""	C(CO)C(=NCC=O)O	-1.301	""	PubChem:(117126622)
FJFXDNSCEFSAOA	InChI=1S/C5H11NO4/c1-5(10,4(8)9)3(7)2-6/h3,7,10H,2,6H2,1H3,(H,8,9)	C5H11NO4	87	-164.30349309579933	""	CC(C(CN)O)(C(=O)O)O	-2.352	""	PubChem:(55285473)
XZZVUEFKUIFKRQ	InChI=1S/C5H11NO4/c6-5(9)4-3(8)2(7)1-10-4/h2-5,7-9H,1,6H2	C5H11NO4	88	-164.39612756377653	2-[amino(hydroxy)methyl]oxolane-3,4-diol	C1C(C(C(C(N)O)O1)O)O	-1.52100003	""	PubChem:(23332384 57278942)
NJAMWTFCOUSQSK	InChI=1S/C5H9NO3/c7-5(8)3-4-1-2-6-9-4/h4,6H,1-3H2,(H,7,8)	C5H9NO3	89	-164.58517435974062	2-(1,2-oxazolidin-5-yl)acetic acid	C1CNOC1CC(=O)O	-0.0810000002	""	PubChem:(19594600)
DHSPCVYVSWHKJG	InChI=1S/C5H9NO3/c7-5(8)3-1-2-4(3)6-9/h3-4,6,9H,1-2H2,(H,7,8)	C5H9NO3	90	-164.82210201282786	""	C1CC(C1C(=O)O)NO	0.151999995	""	PubChem:(103282705)
ZDKRPDFVDCNFNS	InChI=1S/C5H9NO3/c1-6-5(9)2-4(8)3-7/h7H,2-3H2,1H3,(H,6,9)	C5H9NO3	91	-164.84763079015104	""	CN=C(CC(=O)CO)O	-1.27699995	""	PubChem:(86254614)
HKPCHCJYQVJLIZ	InChI=1S/C5H9NO3/c6-4(5(7)8)1-3-2-9-3/h3-4H,1-2,6H2,(H,7,8)	C5H9NO3	92	-165.65111387967576	Epoxy analogue, I(a)	C(C1CO1)C(C(=O)O)N	-3.25200009	""	PubChem:(447569 23509093 46936601 55285260);biological
BILIQXNRFKBJNR	InChI=1S/C5H11NO4/c6-3(1-4(7)8)2-5(9)10/h3-4,7-8H,1-2,6H2,(H,9,10)	C5H11NO4	93	-165.71034508062465	""	C(C(CC(=O)O)N)C(O)O	-1.875	""	PubChem:(12146061)
USHWNTZTUAQDFH	InChI=1S/C5H9NO3/c1-2-6-4(7)3-5(8)9/h2-3H2,1H3,(H,6,7)(H,8,9)	C5H9NO3	94	-165.77237918325173	2-(ethylcarbamoyl)acetic acid	CCN=C(CC(=O)O)O	-0.247999996	""	PubChem:(13151023 90487665)
JLBAEDVMBIPTNN	InChI=1S/C5H11NO4/c6-3-1-2-5(9,10)4(7)8/h9-10H,1-3,6H2,(H,7,8)	C5H11NO4	95	-166.26530988216172	Pentanoic acid, 5-amino-2,2-dihydroxy-	C(CC(C(=O)O)(O)O)CN	-1.95899999	""	PubChem:(17922683)
PVABCPOHYXVKLJ	InChI=1S/C5H9NO3/c6-1-3(7)5(8)4-2-9-4/h4-5,8H,1-2,6H2	C5H9NO3	96	-166.4775040862269	""	C(C(=O)C(C1CO1)O)N	-2.21600008	""	PubChem:(87244920)
XUSUQRRFDYVKLQ	InChI=1S/C5H13NO5/c6-3-1-2-4(7,8)5(9,10)11/h7-11H,1-3,6H2	C5H13NO5	97	-166.57068133942764	""	C(CC(C(O)(O)O)(O)O)CN	-2.92199993	""	PubChem:(90384533)
HUTOJDXDSOWYJA	InChI=1S/C5H9NO3/c7-2-3-5(9)4(8)1-6-3/h3-4,6-8H,1-2H2	C5H9NO3	98	-166.79183991123892	""	C1C(C(=O)C(CO)N1)O	-0.563000023	""	PubChem:(53897570)
CPXCKSBWNDKJBI	InChI=1S/C5H9NO3/c1-4(7)9-5(8)2-3-6/h2-3,6H2,1H3	C5H9NO3	99	-167.06292859183205	""	CC(=O)OC(=O)CCN	-0.254999995	""	PubChem:(53734040)
NEDRRRAQMUONRI	InChI=1S/C5H9NO3/c1-2-3(7)4(8)5(9)6-2/h2-4,7-8H,1H3,(H,6,9)	C5H9NO3	100	-167.68224726162092	3,4-dihydroxy-5-methylpyrrolidin-2-one	CC1C(C(C(=N1)O)O)O	-0.30399999	""	PubChem:(22088747 59039796)
FIKXYBCGRJPSSD	InChI=1S/C5H11NO4/c6-3(5(9)10)1-2-4(7)8/h3-4,7-8H,1-2,6H2,(H,9,10)	C5H11NO4	101	-168.35932349419093	""	C(CC(O)O)C(C(=O)O)N	-3.7750001	""	PubChem:(118487257)
GXNWOBVWWKABSA	InChI=1S/C5H9NO3/c6-5(9)2-1-3(7)4(2)8/h2-4,7-8H,1H2,(H2,6,9)	C5H9NO3	102	-168.55174581744345	""	C1C(C(C1O)O)C(=N)O	-0.312000006	""	PubChem:(117602794)
KABXUUFDPUOJMW	InChI=1S/C5H9NO3/c6-4(5(8)9)2-1-3-7/h3-4H,1-2,6H2,(H,8,9)	C5H9NO3	103	-169.05498122723046	5-oxo-L-norvaline	C(CC(C(=O)O)N)C=O	-2.93499994	""	HMDB:(2104);PubChem:(844 193305 4635323 5288620 16220121 25245270 49791979);CHEBI:(17232 58066);KEGG:(C01165);biological;Plantcyc:(L-GLUTAMATE_GAMMA-SEMIALDEHYDE);YMDB:(918)
HZKQANXKGQLJDZ	InChI=1S/C5H9NO3/c1-3(7)4(2-6)5(8)9/h4H,2,6H2,1H3,(H,8,9)/p-1	C5H9NO3	104	-169.24023821350457	2-(aminomethyl)-3-oxobutanoate	CC(=O)C(CN)C(=O)O	-1.01900005	""	PubChem:(19705699 19705700)
CQUMSEVQNMAAIB	InChI=1S/C5H11NO4/c1-2(7)3(8)4(9)5(6)10/h2-4,7-9H,1H3,(H2,6,10)	C5H11NO4	105	-169.62588438403986	""	CC(C(C(C(=N)O)O)O)O	-1.52900004	""	PubChem:(55289457 55289668 55289669 55291196)
KTHDTJVBEPMMGL	InChI=1S/C5H9NO3/c1-3(5(8)9)6-4(2)7/h3H,1-2H3,(H,6,7)(H,8,9)	C5H9NO3	106	-169.67350742040955	bmse000157	CC(C(=O)O)N=C(C)O	-0.202000007	""	training set;HMDB:(766);Natural Products:(UNPD196274);PubChem:(7345 88064 132213 6926438 6926439 18603698 18764698 71309273 71309541 91433601 100958374 100958375 102175487 102175488);CHEBI:(40992 133520);biological;YMDB:(1758);KEGG Mine
VSHHFJMWBQOEQE	InChI=1S/C5H11NO4/c7-2-3-1-4(8)5(9)6-10-3/h3-9H,1-2H2	C5H11NO4	107	-171.09203301336638	""	C1C(CO)ONC(C1O)O	-0.25	""	PubChem:(101230339)
KMKGOMILZMTGEF	InChI=1S/C5H9NO3/c1-3(7)2-4(8)5(6)9/h4,8H,2H2,1H3,(H2,6,9)	C5H9NO3	108	-171.56230788734095	""	CC(=O)CC(C(=N)O)O	-0.802999973	""	PubChem:(54002232)
HHAUJQNCRMPWRN	InChI=1S/C5H9NO3/c7-3-1-6-2-4(8)5(3)9/h1,3-5,7-9H,2H2	C5H9NO3	109	-171.90979763277466	""	C1=NCC(C(C1O)O)O	-1.08800006	""	PubChem:(68621538)
ICRDBUINZMWMRW	InChI=1S/C5H13NO5/c1-2-3(6)4(7,8)5(9,10)11/h3,7-11H,2,6H2,1H3	C5H13NO5	110	-172.05321667577786	""	CCC(C(C(O)(O)O)(O)O)N	-2.81999993	""	PubChem:(90384532)
SHKUVKBSISUQQG	InChI=1S/C5H9NO3/c7-3-1-2-5(9)6-4-8/h5,7,9H,1-3H2	C5H9NO3	111	-172.22288406212058	""	C(CC(N=C=O)O)CO	1.09200001	""	PubChem:(57114108)
AXOKRZVYCHPLNA	InChI=1S/C5H11NO4/c1-3(7)5(10)6-2-4(8)9/h3-4,7-9H,2H2,1H3,(H,6,10)	C5H11NO4	112	-172.6517354722306	""	CC(C(=NCC(O)O)O)O	-1.62699997	""	PubChem:(88262644)
ATACJMWNULGQHQ	InChI=1S/C5H9NO3/c6-2-1-3(7)5(9)4(2)8/h2,4-5,8-9H,1,6H2	C5H9NO3	113	-172.7822913550594	""	C1C(C(C(C1=O)O)O)N	-1.25300002	""	PubChem:(69832462)
RABVVKXIQBMQTN	InChI=1S/C5H9NO3/c6-5-3(9-5)1-2-4(7)8/h3,5H,1-2,6H2,(H,7,8)	C5H9NO3	114	-174.12450536129322	""	C(CC(=O)O)C1C(N)O1	-0.856999993	""	PubChem:(123893241)
YNZXNWYLKNZZSB	InChI=1S/C5H9NO3/c6-2-4(3-7)1-5(8)9/h4-5,7-9H,1,3H2	C5H9NO3	115	-174.3562741074251	""	C(C(C#N)CO)C(O)O	-1.86399996	""	PubChem:(21918195)
MNJZHUDCBHSTPF	InChI=1S/C5H9NO3/c1-3(7)4(6)2-5(8)9/h4,7H,1-2,6H2,(H,8,9)	C5H9NO3	116	-174.69915334242913	""	C=C(C(CC(=O)O)N)O	-0.722000003	""	PubChem:(88872131)
BJBUEDPLEOHJGE	InChI=1S/C5H9NO3/c7-3-1-2-6-4(3)5(8)9/h3-4,6-7H,1-2H2,(H,8,9)	C5H9NO3	117	-174.87039066275702	3-Hydroxyproline	C1CNC(C1O)C(=O)O	-0.356999993	""	HMDB:(59659);KNApSAcK:(50693);Natural Products:(UNPD54688 UNPD67026 UNPD115072);PubChem:(150779 440575 559314 7098651 7098652 10725382 11137200 11877126 20619164 22941450 25202477 53684717 53684718 59116158 91972251);YMDB Mine;CHEBI:(55479 57938 64368 70756 87840 16889 60041 20056 88157);EcoCyc Mine;KEGG:(C19706 C05147);biological;Biocyc:(3-HYDROXY-L-PROLINE CPD-664)
OIJNXWXAACMAMF	InChI=1S/C5H11NO4/c1-10-3(2-7)4(6)5(8)9/h3-4,7H,2,6H2,1H3,(H,8,9)	C5H11NO4	118	-174.95679823437865	""	COC(CO)C(C(=O)O)N	-4.10900021	""	EcoCyc Mine;YMDB Mine;KEGG Mine
OVGHASDQKHPORW	InChI=1S/C5H9NO3/c6-3-1-2-9-4(3)5(7)8/h3-4H,1-2,6H2,(H,7,8)	C5H9NO3	119	-175.84593860899733	""	C1COC(C1N)C(=O)O	-0.657000005	""	PubChem:(53421314 101966634 101966633)
ZPNMNYIOTBYHGH	InChI=1S/C5H11NO4/c6-4(5(7)8)2-1-3-10-9/h4,9H,1-3,6H2,(H,7,8)	C5H11NO4	120	-176.1188770117374	2-amino-3,4-dideuterio-5-hydroperoxypentanoic acid	C(CC(C(=O)O)N)COO	-3.19000006	""	PubChem:(59069848)
HVIVBJVEAQHMTG	InChI=1S/C5H9NO3/c7-3-1-2-6-5(9)4(3)8/h3-4,7-8H,1-2H2,(H,6,9)	C5H9NO3	121	-176.33072317433368	(3S,4R)-3,4-dihydroxypiperidin-2-one	C1CN=C(C(C1O)O)O	-0.472000003	""	PubChem:(447613 55286270 71720812 76223954);biological;Natural Products:(UNPD214889)
MOEOXURZZXQLJZ	InChI=1S/C5H9NO3/c1-3-2-4(5(7)8)9-6-3/h3-4,6H,2H2,1H3,(H,7,8)	C5H9NO3	122	-176.58986168196853	""	CC1CC(C(=O)O)ON1	0.716000021	""	PubChem:(55301976 55301977)
PFGHOIILCLTFOJ	InChI=1S/C5H9NO3/c7-2-4(8)3-1-5(9)6-3/h3-4,7-8H,1-2H2,(H,6,9)	C5H9NO3	123	-177.17814348792115	4-(1,2-dihydroxyethyl)azetidin-2-one	C1C(C(CO)O)N=C1O	-1.52999997	""	PubChem:(21218615)
RLSAGAJZOLWEII	InChI=1S/C5H11NO4/c7-3-1-6-2-5(9,10)4(3)8/h3-4,6-10H,1-2H2	C5H11NO4	124	-177.2088409153705	""	C1C(C(C(CN1)(O)O)O)O	-0.405999988	""	PubChem:(55287263 55287322)
BBBJZDFCWMSCLS	InChI=1S/C5H9NO3/c1-4(7)2-3-5(8)6-9/h9H,2-3H2,1H3,(H,6,8)	C5H9NO3	125	-177.2145320172049	ACMC-20mkyg	CC(=O)CCC(=NO)O	-0.202000007	""	PubChem:(20760035)
ROLNJEXAEIFUFR	InChI=1S/C5H9NO3/c7-2-3-4(8)1-5(9)6-3/h3-4,7-8H,1-2H2,(H,6,9)	C5H9NO3	126	-177.29196367369155	""	C1C(C(CO)N=C1O)O	-1.10099995	""	PubChem:(55287870 58975325 68769684 89213389)
CAQXLPNFUUFWPN	InChI=1S/C5H9NO3/c7-3-1-2-6-5(9)4-8/h3,8H,1-2,4H2,(H,6,9)	C5H9NO3	127	-177.40106409630786	""	C(CN=C(CO)O)C=O	-0.954999983	""	YMDB Mine;KEGG Mine
IXFPVUBYYDQLKF	InChI=1S/C5H11NO4/c1-6-2-3(7)4(8)5(9)10/h3-4,6-8H,2H2,1H3,(H,9,10)	C5H11NO4	128	-177.62588238622257	""	CNCC(C(C(=O)O)O)O	-2.07200003	""	PubChem:(89081946 89081947)
NWYODEKPPCOLMF	InChI=1S/C5H9NO3/c6-5(8)4-1-3(7)2-9-4/h3-4,7H,1-2H2,(H2,6,8)	C5H9NO3	129	-177.64501275933867	""	C1C(COC1C(=N)O)O	-0.612999976	""	PubChem:(91612215)
NHTHLLFQFUTNEZ	InChI=1S/C5H9NO3/c1-3(7)2-4(6)5(8)9/h4,7H,1-2,6H2,(H,8,9)	C5H9NO3	130	-178.06495930503237	""	C=C(CC(C(=O)O)N)O	-2.88800001	""	PubChem:(89012098);KEGG Mine
CHTJIEDSFPRHEW	InChI=1S/C5H11NO4/c1-10-5(9)4(6)3(8)2-7/h3-4,7-8H,2,6H2,1H3	C5H11NO4	131	-179.1937245022875	""	COC(=O)C(C(CO)O)N	-2.14100003	""	EcoCyc Mine;PubChem:(83670417);YMDB Mine;KEGG Mine
BATNLKUKSXRODF	InChI=1S/C5H9NO3/c1-9-5(8)2-4(7)3-6/h2-3,6H2,1H3	C5H9NO3	132	-179.5150953339615	""	COC(=O)CC(=O)CN	-0.816999972	""	PubChem:(9877480)
ZNVASKDMQVIWKA	InChI=1S/C5H9NO3/c7-4-3-6-2-1-5(8)9/h4,6H,1-3H2,(H,8,9)	C5H9NO3	133	-179.81793242956869	""	C(CNCC=O)C(=O)O	-0.839999974	""	PubChem:(57262673)
YHQUVFLUNVBWSY	InChI=1S/C5H9NO3/c1-3(5(8)9)4(7)2-6/h4,7H,1-2,6H2,(H,8,9)	C5H9NO3	134	-179.8891172909173	""	C=C(C(CN)O)C(=O)O	-1.31700003	""	PubChem:(21872038)
BHPUDBDKEMFRSS	InChI=1S/C5H9NO3/c1-4(5(8)9)6-2-3-7/h7H,2-3H2,1H3,(H,8,9)	C5H9NO3	135	-180.01308946909543	""	CC(=NCCO)C(=O)O	-0.926999986	""	PubChem:(87583772)
QGJDRBKMKHGYEX	InChI=1S/C5H9NO3/c7-4(8)5(1-2-5)3-6-9/h6,9H,1-3H2,(H,7,8)	C5H9NO3	136	-180.18518251306998	""	C1CC1(CNO)C(=O)O	-0.536000013	""	PubChem:(129045294)
JKSMLNPCLOPWCH	InChI=1S/C5H9NO3/c1-4(7)9-3-5(8)2-6/h2-3,6H2,1H3	C5H9NO3	137	-180.59933207165201	(3-amino-2-oxopropyl) acetate	CC(=O)OCC(=O)CN	-1.21599996	""	PubChem:(22165502)
ZAXGGBHREOIWPW	InChI=1S/C5H9NO3/c7-3-1-6-2-4(8)5(3)9/h3-4,6-8H,1-2H2	C5H9NO3	138	-180.69577401385965	""	C1C(C(=O)C(CN1)O)O	-0.563000023	""	PubChem:(91327610);EcoCyc Mine
VWVUOLCKJAYGHJ	InChI=1S/C5H9NO3/c6-3-5(8)4-9-2-1-7/h1H,2-4,6H2	C5H9NO3	139	-180.7540620638765	""	C(=O)COCC(=O)CN	-1.64100003	""	PubChem:(89578937)
VRULZPYMSYGCJD	InChI=1S/C5H11NO4/c6-3-1-2-4(7,8)5(3,9)10/h3,7-10H,1-2,6H2	C5H11NO4	140	-181.39603218473582	""	C1CC(C(C1N)(O)O)(O)O	0.050999999	""	PubChem:(90384922)
OKNHGXUPNOETTM	InChI=1S/C5H11NO4/c6-4(5(8)9)3-10-2-1-7/h4,7H,1-3,6H2,(H,8,9)	C5H11NO4	141	-181.44511132553768	(2S)-2-amino-3-(2-hydroxyethoxy)propanoic acid	C(COCC(C(=O)O)N)O	-4.14599991	""	PubChem:(12982259 22169547 88248430)
ZUHBWOKMSIGREC	InChI=1S/C5H9NO3/c7-5(8)4-2-1-3-6-9-4/h4,6H,1-3H2,(H,7,8)	C5H9NO3	142	-181.55142838668536	2H-1,2-Oxazine-6-carboxylic acid, tetrahydro-	C1CC(C(=O)O)ONC1	0.614000022	""	PubChem:(71443305 101245036)
UCDYZMSOUKWOIT	InChI=1S/C5H9NO3/c1-4(9)6-5(2-7)3-8/h2,5,8H,3H2,1H3,(H,6,9)	C5H9NO3	143	-181.6007067004281	Acetamide, N-(1-formyl-2-hydroxyethyl)-	CC(=NC(C=O)CO)O	-0.920000017	""	PubChem:(14830386 54245917)
BTEMHBZGRHCIQZ	InChI=1S/C5H11NO4/c6-2-3(5(9)10)1-4(7)8/h3-4,7-8H,1-2,6H2,(H,9,10)	C5H11NO4	144	-182.3765170240029	""	C(C(CN)C(=O)O)C(O)O	-2.04200006	""	PubChem:(88640430)
ACCUSSMGNVVSBC	InChI=1S/C5H9NO3/c6-4-2-9-1-3(4)5(7)8/h3-4H,1-2,6H2,(H,7,8)	C5H9NO3	145	-182.41023575006108	(3S,4R)-4-aminooxolane-3-carboxylic acid	C1C(C(CO1)N)C(=O)O	-1.09000003	""	PubChem:(5275640 11240493 22716214 55284754 88996131);biological
FLBHAMRVDHVSFS	InChI=1S/C5H11NO4/c7-4(8)1-2-6-3-5(9)10/h5-6,9-10H,1-3H2,(H,7,8)	C5H11NO4	146	-182.534778651307	""	C(CNCC(O)O)C(=O)O	-1.88	""	PubChem:(57114060)
OEQBVNDAVKXWBS	InChI=1S/C5H9NO3/c6-5(4(8)9)1-3(7)2-5/h3,7H,1-2,6H2,(H,8,9)	C5H9NO3	147	-182.5881578770466	1-Amino-3-hydroxycyclobutanecarboxylic acid	C1C(CC1(C(=O)O)N)O	-3.72600007	""	PubChem:(56592988);biological
RVGDMPDYLTZWDW	InChI=1S/C5H9NO3/c7-4-2-1-3(6-4)5(8)9/h3,5,8-9H,1-2H2,(H,6,7)	C5H9NO3	148	-182.6109586332156	5-(dihydroxymethyl)pyrrolidin-2-one	C1CC(=NC1C(O)O)O	-1.03499997	""	PubChem:(20753408)
RSPLNLUIHJPLCZ	InChI=1S/C5H11NO4/c7-2-5(10)4(9)3(8)1-6-5/h3-4,6-10H,1-2H2	C5H11NO4	149	-183.1260295475812	""	C1C(C(C(CO)(N1)O)O)O	-0.834999979	""	PubChem:(70371132)
MJWKBSKYJNUYDK	InChI=1S/C5H11NO4/c1-2-3(6)5(9,10)4(7)8/h3,9-10H,2,6H2,1H3,(H,7,8)	C5H11NO4	150	-183.1605867754691	""	CCC(C(C(=O)O)(O)O)N	-1.85699999	""	PubChem:(87789682)
WOMAZEJKVZLLFE	InChI=1S/C5H9NO3/c1-2-4(7)6-3-5(8)9/h2-3H2,1H3,(H,6,7)(H,8,9)	C5H9NO3	151	-183.73784647778044	Propionylglycine	CCC(=NCC(=O)O)O	-0.583000004	""	biological;HMDB:(783);PubChem:(98681 19009098 118437382);CHEBI:(89836 132936)
BKBUECIYHLEVTR	InChI=1S/C5H11NO4/c7-3-1-6(10)2-4(8)5(3)9/h3-5,7-10H,1-2H2	C5H11NO4	152	-183.7687624129444	""	C1C(C(C(CN1O)O)O)O	-2.19300008	""	PubChem:(89313318)
VCGSSYZKONYQLF	InChI=1S/C5H9NO3/c1-4(6)9-3-2-5(7)8/h6H,2-3H2,1H3,(H,7,8)	C5H9NO3	153	-184.04198402757194	""	CC(=N)OCCC(=O)O	0.187000006	""	PubChem:(123950505)
SJBYIEIOQVXGKF	InChI=1S/C5H11NO4/c6-10-5(1-2-7)4(9)3-8/h2,4-5,8-9H,1,3,6H2	C5H11NO4	154	-184.73820819227126	""	C(C=O)C(C(CO)O)ON	-2.39899993	""	PubChem:(88288787)
GELGWSXPPMGQCZ	InChI=1S/C5H11NO4/c7-3-1-2-6-4(3)5(8,9)10/h3-4,6-10H,1-2H2	C5H11NO4	155	-184.75514841537753	""	C1CNC(C1O)C(O)(O)O	-0.768999994	""	PubChem:(87276190);biological
HZUNLMCEXUWCIA	InChI=1S/C5H9NO3/c1-3(6-2)4(7)5(8)9/h3,6H,1-2H3,(H,8,9)	C5H9NO3	156	-184.8962354882527	3-(methylamino)-2-oxobutanoic acid	CC(C(=O)C(=O)O)NC	-0.614000022	""	PubChem:(23393525 89099516)
ULHZSZNQMXOHIS	InChI=1S/C5H11NO4/c7-2-1-6-4(3-8)5(9)10/h4,6-8H,1-3H2,(H,9,10)	C5H11NO4	157	-185.04299985639935	3-hydroxy-2-(2-hydroxyethylamino)propanoic acid	C(CO)NC(CO)C(=O)O	-2.10899997	""	PubChem:(20643339)
AABUNZBAERLSJP	InChI=1S/C5H11NO4/c1-10-2-3(7)4(6)5(8)9/h3-4,7H,2,6H2,1H3,(H,8,9)	C5H11NO4	158	-185.0649023153062	beta-Hydroxymethoxinine	COCC(C(C(=O)O)N)O	-4.10900021	""	EcoCyc Mine;PubChem:(191280 23347656 53631973);YMDB Mine;KEGG Mine
QAWXKOMAJMCEKR	InChI=1S/C5H11NO4/c7-3-4(8)1-6-2-5(9)10/h4,6-8H,1-3H2,(H,9,10)	C5H11NO4	159	-185.26385574867288	Glycine, N-(2,3-dihydroxypropyl)-	C(C(CO)O)NCC(=O)O	-2.17499995	""	PubChem:(11491956 88519152)
HZQKCJMOQHMNTI	InChI=1S/C5H9NO3/c1-3(5(8)9)4(7)2-6/h3H,2,6H2,1H3,(H,8,9)	C5H9NO3	160	-185.38107948266642	""	CC(C(=O)CN)C(=O)O	-0.924000025	""	EcoCyc Mine;PubChem:(88157332);YMDB Mine;KEGG Mine
HSXGNHRUJJLIAQ	InChI=1S/C5H9NO3/c1-4(8)9-3-5(6)2-7/h2,5H,3,6H2,1H3	C5H9NO3	161	-186.18255595740274	""	CC(=O)OCC(C=O)N	-0.635999978	""	PubChem:(54109902);biological
CGGOSWNBWDSTET	InChI=1S/C5H11NO4/c6-1-2-10-5(9)4(8)3-7/h3-5,8-9H,1-2,6H2	C5H11NO4	162	-186.206441736289	""	C(COC(C(C=O)O)O)N	-2.10100007	""	EcoCyc Mine
UNCWUUTUZDBYLO	InChI=1S/C5H9NO3/c1-3(7)4(8)2-5(6)9/h4,8H,2H2,1H3,(H2,6,9)	C5H9NO3	163	-186.2369676237623	(3S)-3-hydroxy-4-oxopentanamide	CC(=O)C(CC(=N)O)O	-0.802999973	""	PubChem:(58757496 72414450)
BWSCJDRVGJUNFM	InChI=1S/C5H11NO4/c1-6-4(5(9)10)3(8)2-7/h3-4,6-8H,2H2,1H3,(H,9,10)	C5H11NO4	164	-186.37016870356453	""	CNC(C(CO)O)C(=O)O	-2.07200003	""	EcoCyc Mine;YMDB Mine;KEGG Mine
HEUXTPRHSMUJMY	InChI=1S/C5H9NO3/c6-2-1-4(3-7)5(8)9/h3-4H,1-2,6H2,(H,8,9)	C5H9NO3	165	-186.75655547069792	""	C(CN)C(C=O)C(=O)O	-0.512000024	""	EcoCyc Mine;YMDB Mine;KEGG Mine
KPJDQRWPSUJTAL	InChI=1S/C5H9NO3/c1-2-4(7)3-5(8)6-9/h9H,2-3H2,1H3,(H,6,8)	C5H9NO3	166	-186.96193180732175	""	CCC(=O)CC(=NO)O	-0.118000001	""	PubChem:(13352925)
ZITZZKFJJKLIBU	InChI=1S/C5H9NO3/c1-4(8)6-5(9)2-3-7/h3,5,9H,2H2,1H3,(H,6,8)	C5H9NO3	167	-187.20575509549744	""	CC(=NC(CC=O)O)O	-0.386999995	""	PubChem:(87930946);YMDB Mine;KEGG Mine
DRZQWCLTNIPHPC	InChI=1S/C5H9NO3/c7-3-5(9)1-2-6-4-8/h5,7,9H,1-3H2	C5H9NO3	168	-187.57791652954617	""	C(CN=C=O)C(CO)O	0.531000018	""	PubChem:(87561075)
IICLQLMZMUNQEW	InChI=1S/C5H9NO3/c1-4(8)6-2-5(9)3-7/h3,5,9H,2H2,1H3,(H,6,8)	C5H9NO3	169	-187.62005790511333	""	CC(=NCC(C=O)O)O	-0.681999981	""	PubChem:(21393673 88817795 88817975);YMDB Mine;KEGG Mine
JTWJEECDXHCCBF	InChI=1S/C5H9NO3/c1-4(8)5(9)6-2-3-7/h3-4,8H,2H2,1H3,(H,6,9)	C5H9NO3	170	-188.4715017788919	""	CC(C(=NCC=O)O)O	-0.933000028	""	PubChem:(53688486)
VAKBMCYWHSRUDM	InChI=1S/C5H9NO3/c1-4(8)5(9,2-6)3-7/h4,7-9H,3H2,1H3	C5H9NO3	171	-188.56921617663974	""	CC(C(C#N)(CO)O)O	-2.17400002	""	PubChem:(57323686)
BOCWVZNGXAJRSA	InChI=1S/C5H9NO3/c6-1-5(2-7,3-8)4-9/h2-3,9H,1,4,6H2	C5H9NO3	172	-188.66352608367973	""	C(C(C=O)(C=O)CO)N	-0.878000021	""	PubChem:(23434419)
AESJFNDOKWHJAH	InChI=1S/C5H9NO3/c1-4(6-9)2-3-5(7)8/h9H,2-3H2,1H3,(H,7,8)	C5H9NO3	173	-189.1901941714399	4-hydroxyiminopentanoic acid	CC(=NO)CCC(=O)O	-0.202000007	""	PubChem:(81373 5354662 5483495 40489571);Natural Products:(UNPD195709)
OLRKHCPCSBBZRT	InChI=1S/C5H11NO4/c1-3(8)5(9,10)4(6)2-7/h4,7,9-10H,2,6H2,1H3	C5H11NO4	174	-190.62972592956714	""	CC(=O)C(C(CO)N)(O)O	-3.08200002	""	PubChem:(73949242)
LYMZGJMZBWYPFV	InChI=1S/C5H11NO4/c1-5(6,4(9)10)3(8)2-7/h3,7-8H,2,6H2,1H3,(H,9,10)	C5H11NO4	175	-190.9188411013362	""	CC(C(CO)O)(C(=O)O)N	-4.51800013	""	PubChem:(55281256 76223298)
XQPYEXNWZTVJIA	InChI=1S/C5H9NO3/c7-4-2-1-3-6-9-5-8/h4-6H,1-3H2	C5H9NO3	176	-191.07455636187282	""	C(CC=O)CNOC=O	0.31099999	""	PubChem:(54279168)
FUWJKIOAHAYPJO	InChI=1S/C5H9NO3/c1-2-6-3-4(7)5(8)9/h6H,2-3H2,1H3,(H,8,9)	C5H9NO3	177	-191.22174804736116	""	CCNCC(=O)C(=O)O	-0.717000008	""	PubChem:(53819710)
KTCPEQGQBAVTHJ	InChI=1S/C5H9NO3/c1-9-4(6)2-3-5(7)8/h6H,2-3H2,1H3,(H,7,8)	C5H9NO3	178	-191.25226075838313	""	COC(=N)CCC(=O)O	0.0170000009	""	EcoCyc Mine
LBXOMODGFWGOOY	InChI=1S/C5H9NO3/c1-4(6-9)2-3-5(7)8/h4H,2-3H2,1H3,(H,7,8)	C5H9NO3	179	-191.26023177470015	""	CC(CCC(=O)O)N=O	0.254000008	""	PubChem:(57212363)
RXLLPEQMGRMEAT	InChI=1S/C5H9NO3/c1-6-4(7)3-5(8)9-2/h3H2,1-2H3,(H,6,7)	C5H9NO3	180	-191.32817017994043	""	CN=C(CC(=O)OC)O	-0.184	""	PubChem:(12647636)
GEVQDANIAHZNHP	InChI=1S/C5H9NO3/c6-4-2-1-3(9-4)5(7)8/h3-4H,1-2,6H2,(H,7,8)	C5H9NO3	181	-191.40489861839336	""	C1CC(N)OC1C(=O)O	-0.591000021	""	PubChem:(123403483)
GHUNMXFLOLJMRW	InChI=1S/C5H9NO3/c6-4(5(7)8)3-1-2-9-3/h3-4H,1-2,6H2,(H,7,8)	C5H9NO3	182	-191.56735128584305	""	C1COC1C(C(=O)O)N	-3.25200009	""	PubChem:(83478765)
GTFMAONWNTUZEW	InChI=1S/C5H9NO3/c6-4(7)2-1-3-5(8)9/h1-3H2,(H2,6,7)(H,8,9)	C5H9NO3	183	-191.79990629257318	Glutaramic acid	C(CC(=N)O)CC(=O)O	0.0540000014	""	PubChem:(168356 11966291);CHEBI:(24326 35908);EcoCyc Mine;biological;Plantcyc:(CPD-16877);Biocyc:(CPD-16877);KEGG Mine
JFJHWVHCAIWQRH	InChI=1S/C5H9NO3/c1-2-3(7)4(8)5(6)9/h4,8H,2H2,1H3,(H2,6,9)	C5H9NO3	184	-192.26143851610058	""	CCC(=O)C(C(=N)O)O	-0.94599998	""	PubChem:(121414937)
MFBIHMRSGNEXQO	InChI=1S/C5H11NO4/c6-4(2-7)1-5(9)10-3-8/h4,7-8H,1-3,6H2	C5H11NO4	185	-192.45632708842598	""	C(C(CO)N)C(=O)OCO	-1.949	""	PubChem:(118112447)
SIGJTZYHSCOGPT	InChI=1S/C5H11NO4/c6-4(10)5(1-7,2-8)3-9/h7-9H,1-3H2,(H2,6,10)	C5H11NO4	186	-192.5409419349645	""	C(C(CO)(CO)C(=N)O)O	-2.32299995	""	PubChem:(9964141)
FYJZQQQFAPUYTJ	InChI=1S/C5H9NO3/c6-4-1-3(2-4)5(7)9-8/h3-4,8H,1-2,6H2	C5H9NO3	187	-193.47546033175703	""	C1C(CC1N)C(=O)OO	-1.11199999	""	PubChem:(87127501)
JGWBLOACDIDKFM	InChI=1S/C5H9NO3/c7-1-4-3-9-5(2-8)6-4/h4,7-8H,1-3H2	C5H9NO3	188	-193.60908431946197	[2-(hydroxymethyl)-4,5-dihydro-1,3-oxazol-4-yl]methanol	C(C1COC(=N1)CO)O	-1.40400004	""	PubChem:(20043457)
ZWCXJKVSHFJLOX	InChI=1S/C5H9NO3/c1-3(7)5(6-9)4(2)8/h5-6,9H,1-2H3	C5H9NO3	189	-193.663852597944	""	CC(=O)C(C(=O)C)NO	-0.490999997	""	PubChem:(102320619)
SWMNJKRYLQIVNL	InChI=1S/C5H9NO3/c1-2-9-5(8)4(7)3-6/h2-3,6H2,1H3	C5H9NO3	190	-194.0494766919248	""	CCOC(=O)C(=O)CN	-0.786000013	""	PubChem:(54328264)
INTIAFXJEPQDQC	InChI=1S/C5H9NO3/c1-6-4(2-3-7)5(8)9/h4,7H,1-3H2,(H,8,9)	C5H9NO3	191	-194.24702072926058	""	C=NC(CCO)C(=O)O	-0.875	""	PubChem:(89301091)
YDQDOPAGBYQTJD	InChI=1S/C5H9NO3/c7-4-2-6-1-3(4)5(8)9/h3-4,6-7H,1-2H2,(H,8,9)	C5H9NO3	192	-194.52122204566206	""	C1C(C(CN1)O)C(=O)O	-0.361000001	""	PubChem:(44248019 55288219 55296587 68054834 92466600)
ULXPTNLFARGTHR	InChI=1S/C5H11NO4/c6-2-1-3(4(7)8)5(9)10/h3-4,7-8H,1-2,6H2,(H,9,10)	C5H11NO4	193	-195.02229833820562	""	C(CN)C(C(O)O)C(=O)O	-2.04200006	""	EcoCyc Mine;YMDB Mine;KEGG Mine
RENHHYNLSFVNQD	InChI=1S/C5H11NO4/c1-10-3(2-7)4(8)5(6)9/h3-4,7-8H,2H2,1H3,(H2,6,9)	C5H11NO4	194	-195.05742505308237	""	COC(CO)C(C(=N)O)O	-1.47000003	""	PubChem:(55289670 55289671)
BALWCOJEXYEKDB	InChI=1S/C5H11NO4/c6-5(9)3-10-2-4(8)1-7/h4,7-8H,1-3H2,(H2,6,9)	C5H11NO4	195	-195.17821897607362	""	C(C(COCC(=N)O)O)O	-1.57299995	""	PubChem:(53868496)
FOICHKLRYYWTFG	InChI=1S/C5H9NO3/c6-4-1-3(2-7)9-5(4)8/h3-4,7H,1-2,6H2	C5H9NO3	196	-195.20712649578493	3-amino-5-(hydroxymethyl)oxolan-2-one	C1C(CO)OC(=O)C1N	-0.855000019	""	PubChem:(11116442 14189621 55284865 55288759 96005655)
MDVZGZRCBIKRQS	InChI=1S/C5H9NO3/c6-3-5(8)4-9-2-1-7/h5,7-8H,1-2,4H2	C5H9NO3	197	-195.26316041056475	""	C(COCC(C#N)O)O	-1.80200005	""	PubChem:(88253617)
JSNWDGNZCRHLHG	InChI=1S/C5H9NO3/c1-2(7)3-4(8)5(9)6-3/h2-4,7-8H,1H3,(H,6,9)	C5H9NO3	198	-195.28855182886255	""	CC(C1C(C(=N1)O)O)O	-0.30399999	""	PubChem:(10419214)
SVKUDTHZOMCUMV	InChI=1S/C5H9NO3/c7-4-3-6-2-1-5(8)9/h2,7H,1,3-4H2,(H,8,9)	C5H9NO3	199	-195.42345581219152	""	C(C=NCCO)C(=O)O	-0.966000021	""	PubChem:(54326650)
HFPVSSGXXIFXFB	InChI=1S/C5H9NO3/c1-3(7)4(8)2-5(6)9/h3,7H,2H2,1H3,(H2,6,9)	C5H9NO3	200	-195.67350151880967	""	CC(C(=O)CC(=N)O)O	-0.718999982	""	PubChem:(91528040)
KBSQFAXYYVROKJ	InChI=1S/C5H11NO4/c6-4(5(9)10)3(1-7)2-8/h3-4,7-8H,1-2,6H2,(H,9,10)	C5H11NO4	201	-195.71477974869316	2-amino-4-hydroxy-3-(hydroxymethyl)butanoic acid	C(C(CO)C(C(=O)O)N)O	-4.43300009	""	PubChem:(21801664 55291457)
IXPXCVCHYPJWBM	InChI=1S/C5H11NO4/c1-6-5(9)10-4(2-7)3-8/h4,7-8H,2-3H2,1H3,(H,6,9)	C5H11NO4	202	-196.1981023541464	""	CN=C(O)OC(CO)CO	-0.916000009	""	PubChem:(58455253)
ORJTUIZVUCWIMF	InChI=1S/C5H9NO3/c1-6-3-4(7)2-5(8)9/h6H,2-3H2,1H3,(H,8,9)	C5H9NO3	203	-196.23489537943559	""	CNCC(=O)CC(=O)O	-0.748000026	""	PubChem:(87562347 87562348)
NJQALDJCFMDDJS	InChI=1S/C5H9NO3/c1-6-3-4(7)2-5(8)9/h4,7H,1-3H2,(H,8,9)	C5H9NO3	204	-196.7639901005323	""	C=NCC(CC(=O)O)O	-0.902999997	""	PubChem:(89312985 118305945)
NTBOVZGMBSWUPP	InChI=1S/C5H9NO3/c1-8-5(7)4-3(6)2-9-4/h3-4H,2,6H2,1H3	C5H9NO3	205	-196.84053884132814	""	COC(=O)C1C(CO1)N	-0.694000006	""	PubChem:(84075192)
PIUZURDOJQWHOZ	InChI=1S/C5H11NO4/c6-1-5(9)10-4(2-7)3-8/h4,7-8H,1-3,6H2	C5H11NO4	206	-197.20755839477806	""	C(C(=O)OC(CO)CO)N	-2.24399996	""	PubChem:(88397250)
DKGSTRWCWZCOFS	InChI=1S/C5H11NO4/c6-5(10,1-2-7)4(9)3-8/h2,4,8-10H,1,3,6H2	C5H11NO4	207	-197.48667554679454	""	C(C=O)C(C(CO)O)(N)O	-2.53399992	""	PubChem:(53764511)
QUOVLHDHXBFXMV	InChI=1S/C5H9NO3/c1-3(6)5(8)9-4(2)7/h3H,6H2,1-2H3	C5H9NO3	208	-197.70037635952494	acetyl d-alaninate	CC(C(=O)OC(=O)C)N	0.112999998	""	PubChem:(11829476 17908397 57200748);biological
RJHQXPSQCOFXOV	InChI=1S/C5H11NO4/c7-4-2-5(8)1-3-6(9)10/h5,7-8H,1-4H2	C5H11NO4	209	-197.9199491697387	""	C(CN(=O)=O)C(CCO)O	-0.995000005	""	PubChem:(57094614)
QUEDGLRNTBOMIT	InChI=1S/C5H9NO3/c1-8-4(6)3-5(7)9-2/h6H,3H2,1-2H3	C5H9NO3	210	-198.30850197979416	""	COC(=N)CC(=O)OC	0.169	""	PubChem:(14860733)
BVZGJNOHFARAIK	InChI=1S/C5H9NO3/c1-2-4(7)9-5(8)3-6/h2-3,6H2,1H3	C5H9NO3	211	-198.84398126316606	""	CCC(=O)OC(=O)CN	-0.159999996	""	PubChem:(57249162)
JJJKPDCCZFMOJD	InChI=1S/C5H9NO3/c1-3(7)4(6)5(8)9-2/h4H,6H2,1-2H3	C5H9NO3	212	-199.3859442364641	Methyl 2-amino-3-oxobutanoate	CC(=O)C(C(=O)OC)N	-0.771000028	""	EcoCyc Mine;PubChem:(12052398 20728075 98044839);YMDB Mine;KEGG Mine
UGWAVRHLNVEFIN	InChI=1S/C5H9NO3/c1-9-5(8)4(6)2-3-7/h3-4H,2,6H2,1H3	C5H9NO3	213	-199.72976537828762	""	COC(=O)C(CC=O)N	-0.805999994	""	EcoCyc Mine;PubChem:(85538515 89054725);YMDB Mine;KEGG Mine
BVVNNDSEHDZRJQ	InChI=1S/C5H9NO3/c6-4(8)5(9)2-1-3(5)7/h3,7,9H,1-2H2,(H2,6,8)	C5H9NO3	214	-200.06183607587676	""	C1CC(C1O)(C(=N)O)O	-0.229000002	""	PubChem:(117602792)
XKFZAFLXEDIHBQ	InChI=1S/C5H11NO4/c7-3-1-2-5(8)4-6(9)10/h5,7-8H,1-4H2	C5H11NO4	215	-200.21625081504578	""	C(CC(CN(=O)=O)O)CO	-0.995000005	""	PubChem:(119096056)
GTICYALLEVYQCU	InChI=1S/C5H11NO4/c7-3-1-6(5(9)10)2-4(3)8/h3-5,7-10H,1-2H2	C5H11NO4	216	-200.52688883866634	""	C1C(C(CN1C(O)O)O)O	-2.16899991	""	PubChem:(69391104)
QMJDKPFQFHNFKQ	InChI=1S/C5H11NO4/c7-4-2-1-3-5(8)6(9)10/h5,7-8H,1-4H2	C5H11NO4	217	-200.76936386693666	""	C(CCO)CC(N(=O)=O)O	-0.326000005	""	PubChem:(57101280)
HDJQZHJYALBYBQ	InChI=1S/C5H9NO3/c6-5(4(8)9)2-1-3(5)7/h3,7H,1-2,6H2,(H,8,9)	C5H9NO3	218	-200.91098746134136	(1R,2S)-1-amino-2-hydroxycyclobutane-1-carboxylic acid	C1CC(C1O)(C(=O)O)N	-2.86800003	""	PubChem:(11217460 11816075 12162530 12162531);biological
VJSLNAACCDVJJK	InChI=1S/C5H11NO4/c1-5(10,2-7)3(8)4(6)9/h3,7-8,10H,2H2,1H3,(H2,6,9)	C5H11NO4	219	-201.36638207273853	2,3,4-trihydroxy-3-methylbutanamide	CC(CO)(C(C(=N)O)O)O	-1.57200003	""	PubChem:(21619551)
JHBGUAQIBJPLDX	InChI=1S/C5H9NO3/c6-2-1-5(3-9-5)4(7)8/h1-3,6H2,(H,7,8)	C5H9NO3	220	-201.49233786222726	""	C(CN)C1(CO1)C(=O)O	-1.43599999	""	PubChem:(90969312)
OSSXWJARYXRGCO	InChI=1S/C5H9NO3/c1-6-4(2-7)5(9)3-8/h2-6,9H,1H3	C5H9NO3	221	-202.03910359248314	2-hydroxy-3-(methylamino)butanedial	CNC(C=O)C(C=O)O	-1.08700001	""	PubChem:(21558164)
ABPDBYGMQMWHAG	InChI=1S/C5H11NO4/c1-6-4(3-10-9)2-5(7)8/h4,6,9H,2-3H2,1H3,(H,7,8)	C5H11NO4	222	-202.11718328048855	4-hydroperoxy-3-(methylamino)butanoic acid	CNC(CC(=O)O)COO	-1.25800002	""	PubChem:(59944821)
ZYJDJISVMCQVCC	InChI=1S/C5H9NO3/c1-4(6-3-7)2-5(8)9/h3-4H,2H2,1H3,(H,6,7)(H,8,9)	C5H9NO3	223	-202.56363399430072	""	CC(CC(=O)O)N=CO	-0.0419999994	""	PubChem:(53888553 90303719)
CNSJNDNLULKWQA	InChI=1S/C5H9NO3/c6-5(1-2-5)3(7)4(8)9/h3,7H,1-2,6H2,(H,8,9)	C5H9NO3	224	-202.6402796204795	""	C1CC1(C(C(=O)O)O)N	-0.824000001	""	PubChem:(55291496)
PVCNOBISYUIOEP	InChI=1S/C5H11NO4/c7-2-5(3-8,4-9)1-6-10/h7-9H,1-4H2	C5H11NO4	225	-202.6853512141181	""	C(C(CO)(CO)CO)N=O	-2.09299994	""	PubChem:(89470711)
BRLLTRMNZFJPNQ	InChI=1S/C5H9NO3/c1-6-4(2-3-7)5(8)9/h3-4,6H,2H2,1H3,(H,8,9)	C5H9NO3	226	-202.75576551662536	2-(methylamino)-4-oxobutanoic acid	CNC(CC=O)C(=O)O	-0.736999989	""	EcoCyc Mine;PubChem:(20667995 89410012 124187468);YMDB Mine;KEGG Mine
RWZXKOKPGOTHIC	InChI=1S/C5H9NO3/c1-4(8)2-6-5(9)3-7/h7H,2-3H2,1H3,(H,6,9)	C5H9NO3	227	-203.2023051823634	2-hydroxy-N-(2-oxopropyl)acetamide	CC(=O)CN=C(CO)O	-1.60800004	""	PubChem:(58733593)
DNYKRWKNDQNFNC	InChI=1S/C5H11NO4/c6-5(10,3-7)2-1-4(8)9/h7,10H,1-3,6H2,(H,8,9)	C5H11NO4	228	-203.40044075829869	""	C(CC(CO)(N)O)C(=O)O	-1.91799998	""	EcoCyc Mine;KEGG Mine
SPYSQWCWDLPXFW	InChI=1S/C5H9NO3/c1-3(5(8)9)4(7)6-2/h3H,1-2H3,(H,6,7)(H,8,9)	C5H9NO3	229	-203.60084212169798	2-methyl-3-(methylamino)-3-oxopropanoic acid	CC(C(=NC)O)C(=O)O	-0.291000009	""	PubChem:(21643486)
IBAAOESOHMWMCJ	InChI=1S/C5H9NO3/c1-3(5(8)9)4(6)2-7/h2-4H,6H2,1H3,(H,8,9)	C5H9NO3	230	-203.69446747352944	""	CC(C(C=O)N)C(=O)O	-0.833999991	""	PubChem:(88910663);EcoCyc Mine;KEGG Mine
NGVOIGQDZKPTPF	InChI=1S/C5H9NO3/c6-3-4(7)1-2-5(8)9/h1-2,4,7H,3,6H2,(H,8,9)	C5H9NO3	231	-204.3712080380071	(E)-5-amino-4-hydroxypent-2-enoic acid	C(=CC(=O)O)C(CN)O	-1.18499994	""	PubChem:(21799251)
HBSPISXPRHZJMB	InChI=1S/C5H9NO3/c1-4(6)5(8)9-3-2-7/h2,4H,3,6H2,1H3	C5H9NO3	232	-204.60299192837644	""	CC(C(=O)OCC=O)N	-0.541000009	""	PubChem:(88214759);biological
LNCLODBGYIDARX	InChI=1S/C5H11NO4/c6-5(3-8,1-2-7)4(9)10/h7-8H,1-3,6H2,(H,9,10)	C5H11NO4	233	-204.73108979516974	""	C(CO)C(CO)(C(=O)O)N	-4.61999989	""	EcoCyc Mine;YMDB Mine;KEGG Mine
HURZMSZDVGMYKJ	InChI=1S/C5H9NO3/c1-9-5(8)3-2-4(6)7/h2-3H2,1H3,(H2,6,7)	C5H9NO3	234	-204.7691410892601	Methyl Succinamate	COC(=O)CCC(=N)O	0.0170000009	""	PubChem:(12550576);EcoCyc Mine;Natural Products:(UNPD67843)
MGDQFWCFMZDUFW	InChI=1S/C5H11NO4/c7-3-1-6(10)2-4(8)5(3)9/h3-9H,1-2H2	C5H11NO4	235	-205.3342622489274	1-oxidopiperidin-1-ium-3,4,5-triol	C1C(C(C(CN1=O)O)O)O	-2.16300011	""	PubChem:(23377777)
JCEOIFIKVAWEGC	InChI=1S/C5H9NO3/c1-3(7)5(9)6-4(2)8/h5,9H,1-2H3,(H,6,8)	C5H9NO3	236	-205.645605719786	N-(1-hydroxy-2-oxopropyl)acetamide	CC(=O)C(N=C(C)O)O	-0.931999981	""	PubChem:(58733592)
FZZWUSWLMUGNJG	InChI=1S/C5H9NO3/c1-3(5(8)9)6-4(2)7/h4,7H,1-2H3,(H,8,9)	C5H9NO3	237	-205.87471394643242	""	CC(=NC(C)O)C(=O)O	-0.263999999	""	PubChem:(23117243)
PMDLOOQFASKEJA	InChI=1S/C5H9NO3/c6-3(4(7)8)5(9)1-2-5/h3,9H,1-2,6H2,(H,7,8)	C5H9NO3	238	-206.00067259002068	Cleonine	C1CC1(C(C(=O)O)N)O	-2.99000001	""	PubChem:(196511 15659599 58691246);biological;Natural Products:(UNPD20499)
LRUDUYLCXCHMID	InChI=1S/C5H11NO4/c1-10-5(9)6-4(2-7)3-8/h4,7-8H,2-3H2,1H3,(H,6,9)	C5H11NO4	239	-206.2588619792262	""	COC(=NC(CO)CO)O	-1.01600003	""	PubChem:(65312501)
NPZGWMYLAQRKFK	InChI=1S/C5H9NO3/c7-4-2-1-3-5(8)6-9/h4,9H,1-3H2,(H,6,8)	C5H9NO3	240	-206.55587922399243	""	C(CC=O)CC(=NO)O	0.305000007	""	PubChem:(87972882)
QPRQYXOPAOTGPX	InChI=1S/C5H9NO3/c7-5(8)1-4-2-9-3-6-4/h4,6H,1-3H2,(H,7,8)	C5H9NO3	241	-206.55855680692207	""	C(C1COCN1)C(=O)O	-0.432999998	""	PubChem:(91979915)
HYPAADUXISGTHR	InChI=1S/C5H11NO4/c7-4(8)1-2-6-3-5(9)10/h4,6-8H,1-3H2,(H,9,10)	C5H11NO4	242	-207.26636487577267	2-(3,3-dihydroxypropylamino)acetic acid	C(CNCC(=O)O)C(O)O	-1.67999995	""	PubChem:(20698415)
UDVOXAUVHISMGT	InChI=1S/C5H9NO3/c1-4(8)5(6-9)2-3-7/h7,9H,2-3H2,1H3	C5H9NO3	243	-207.74737442328777	5-hydroxy-3-hydroxyiminopentan-2-one	CC(=O)C(=NO)CCO	-0.800000012	""	PubChem:(12456210 59088187 89383552)
ZIZWZRGEIHXUGR	InChI=1S/C5H11NO4/c7-1-5(2-8,3-9)6-4-10/h4,7-9H,1-3H2,(H,6,10)	C5H11NO4	244	-207.756381400735	Formamide, N-[2-hydroxy-1,1-bis(hydroxymethyl)ethyl]-	C(C(CO)(CO)N=CO)O	-2.44499993	""	PubChem:(13091770)
ONDCYKFDHGJBDJ	InChI=1S/C5H11NO4/c1-10-4(5(6)9)3(8)2-7/h3-4,7-8H,2H2,1H3,(H2,6,9)	C5H11NO4	245	-207.98540972632458	""	COC(C(CO)O)C(=N)O	-1.47000003	""	PubChem:(55289456)
HKCNQZRRYRAPFS	InChI=1S/C5H9NO3/c6-5(9)4(3-8)1-2-7/h3-4,7H,1-2H2,(H2,6,9)	C5H9NO3	246	-208.1158080324236	""	C(CO)C(C=O)C(=N)O	-0.619000018	""	PubChem:(57184982)
SBHCZXUKJVRAHU	InChI=1S/C5H11NO4/c1-10-2-3(7)4(8)5(6)9/h3-4,7-8H,2H2,1H3,(H2,6,9)	C5H11NO4	247	-208.1554076483195	""	COCC(C(C(=N)O)O)O	-1.47000003	""	PubChem:(122500930)
OBABPWJIKVMDEB	InChI=1S/C5H11NO4/c1-4(8)6-10-3-5(9)2-7/h5,7,9H,2-3H2,1H3,(H,6,8)	C5H11NO4	248	-208.17543512181064	""	CC(=NOCC(CO)O)O	-0.623000026	""	PubChem:(88754726 89706293 89706338)
KOEMAGIESIKOAX	InChI=1S/C5H9NO3/c1-2-3-4(6-9)5(7)8/h4H,2-3H2,1H3,(H,7,8)	C5H9NO3	249	-208.39814668408908	""	CCCC(C(=O)O)N=O	0.426999986	""	PubChem:(54004924)
CTKOKGGHIAYFMP	InChI=1S/C5H9NO3/c7-3-5(4(8)9)1-6-2-5/h6-7H,1-3H2,(H,8,9)	C5H9NO3	250	-208.49008610981898	""	C1C(CN1)(CO)C(=O)O	-1.04900002	""	PubChem:(70410357)
ZKORKMCEVCKOFV	InChI=1S/C5H9NO3/c7-2-3-1-4(6-3)5(8)9/h3-4,6-7H,1-2H2,(H,8,9)	C5H9NO3	251	-208.51861620694663	4-(hydroxymethyl)azetidine-2-carboxylic acid	C1C(CO)NC1C(=O)O	-1.21500003	""	PubChem:(14654427 14654428 18640526)
QCNOIPPDFDTMRH	InChI=1S/C5H11NO4/c6-1-5(9)10-3-4(8)2-7/h4,7-8H,1-3,6H2	C5H11NO4	252	-208.53694726315618	2,3-dihydroxypropyl 2-aminoacetate	C(C(=O)OCC(CO)O)N	-2.24399996	""	PubChem:(20088895);biological
KPSZVOYMMGSIAC	InChI=1S/C5H11NO4/c6-5(9)10-4(3-8)1-2-7/h4,7-8H,1-3H2,(H2,6,9)	C5H11NO4	253	-208.70505867441943	""	C(CO)C(CO)OC(=N)O	-0.526000023	""	PubChem:(20392433)
LUQBTDHFMQHTQD	InChI=1S/C5H9NO3/c1-2-3-4(6-9)5(7)8/h2,4,6,9H,1,3H2,(H,7,8)	C5H9NO3	254	-209.02593625374598	(2R)-2-(hydroxyamino)pent-4-enoic acid	C=CCC(C(=O)O)NO	0.238999993	""	PubChem:(14545954)
ZMBKLYPPGSVNFI	InChI=1S/C5H9NO3/c7-5(8)3-1-2-4-6-9/h1-4H2,(H,7,8)	C5H9NO3	255	-209.12270105876664	""	C(CCN=O)CC(=O)O	0.0860000029	""	PubChem:(17789905)
FMENSXXKJICSDN	InChI=1S/C5H9NO3/c6-1-5(4(7)8)2-9-3-5/h1-3,6H2,(H,7,8)	C5H9NO3	256	-209.31273397007004	""	C(C1(COC1)C(=O)O)N	-1.778	""	PubChem:(82593811)
GOVCMZLXSXUGOL	InChI=1S/C5H11NO4/c1-4(9)6-10-5(2-7)3-8/h5,7-8H,2-3H2,1H3,(H,6,9)	C5H11NO4	257	-209.82772852232	""	CC(=NOC(CO)CO)O	-0.623000026	""	PubChem:(89706282)
KSKZYBUHJSTUIK	InChI=1S/C5H11NO4/c1-10-6-3-4(7)2-5(8)9/h4,6-7H,2-3H2,1H3,(H,8,9)	C5H11NO4	258	-210.59671383107096	""	CONCC(CC(=O)O)O	-0.76700002	""	PubChem:(103254339)
GHDUBHBENZPSCL	InChI=1S/C5H9NO3/c7-5(8)3-4-6-1-2-9-4/h4,6H,1-3H2,(H,7,8)	C5H9NO3	259	-210.90874032223635	""	C1COC(CC(=O)O)N1	-0.432999998	""	PubChem:(53838113)
PHDZURAOZBRVMD	InChI=1S/C5H11NO4/c1-5(10,2-6)3(7)4(8)9/h3,7,10H,2,6H2,1H3,(H,8,9)	C5H11NO4	260	-211.4115047250004	""	CC(CN)(C(C(=O)O)O)O	-2.04500008	""	PubChem:(55288577 55290317)
MZSHAXGKANHPHN	InChI=1S/C5H9NO3/c7-4-6-3-1-2-5(8)9/h4H,1-3H2,(H,6,7)(H,8,9)	C5H9NO3	261	-211.53470587905028	Butanoic acid, 4-(formylamino)-	C(CC(=O)O)CN=CO	-0.209999993	""	PubChem:(13548964);KEGG Mine
LDYLPPCGLIJJEU	InChI=1S/C5H9NO3/c6-4(3-7)1-2-5(8)9/h1-2,4,7H,3,6H2,(H,8,9)	C5H9NO3	262	-211.63033953047247	""	C(=CC(=O)O)C(CO)N	-1.18499994	""	PubChem:(19857766 54028578 101641991)
ZYNOGWSSUPKXEC	InChI=1S/C5H9NO3/c6-3-5(8)1-2-9-4-7/h4H,1-3,6H2	C5H9NO3	263	-211.78070985253984	""	C(COC=O)C(=O)CN	-1.29400003	""	PubChem:(89670980)
FKIFFRKDMNCZRB	InChI=1S/C5H9NO3/c7-4-1-3(2-6-4)5(8)9/h3-4,6-7H,1-2H2,(H,8,9)	C5H9NO3	264	-211.9471817363667	""	C1C(CNC1O)C(=O)O	-0.723999977	""	PubChem:(22819159)
FFEUACJEUXMIJC	InChI=1S/C5H9NO3/c1-2-3(6)4(7)5(8)9/h2-4,7H,1,6H2,(H,8,9)	C5H9NO3	265	-212.06727911097394	""	C=CC(C(C(=O)O)O)N	-1.07200003	""	EcoCyc Mine;KEGG Mine
YZGYKWJZOBALKZ	InChI=1S/C5H9NO3/c7-4-1-2-6(3-4)5(8)9/h4,7H,1-3H2,(H,8,9)	C5H9NO3	266	-212.15057143900736	1-Pyrrolidinecarboxylicacid, 3-hydroxy-	C1CN(CC1O)C(=O)O	-0.822000027	""	PubChem:(21897771 22865191 54535200);biological
FYCRNRZIEVLZDO	InChI=1S/C5H9NO3/c7-5(8)4-3-6-1-2-9-4/h4,6H,1-3H2,(H,7,8)	C5H9NO3	267	-213.10203013719376	morpholine-2-carboxylate	C1COC(CN1)C(=O)O	-0.662	""	PubChem:(1519500 6559086 21899747 22275703 40479431 40479432 74687330);biological
WEMWRQSEKYYLOZ	InChI=1S/C5H11NO4/c1-2-5(8)4(3-7)6(9)10/h4-5,7-8H,2-3H2,1H3	C5H11NO4	268	-213.2014014596728	2-nitro-pentane-1,3-diol	CCC(C(CO)N(=O)=O)O	-0.718999982	""	PubChem:(6451261 6451267 10953680)
DCVDLMMPYRUHAK	InChI=1S/C5H9NO3/c1-4(7)2-3-5(8)9-6/h2-3,6H2,1H3	C5H9NO3	269	-213.31615971295534	amino 4-oxopentanoate	CC(=O)CCC(=O)ON	-1.50399995	""	PubChem:(18331036)
FAHLHTPGRNOXLR	InChI=1S/C5H11NO4/c1-3(7)4(5(8)9)6-10-2/h3-4,6-7H,1-2H3,(H,8,9)	C5H11NO4	270	-213.35327940908408	""	CC(C(C(=O)O)NOC)O	-0.398999989	""	PubChem:(89892467);biological
CSGNSGQHDKXMLA	InChI=1S/C5H9NO3/c7-5-2-1-4(3-5)6(8)9/h4-5,7H,1-3H2	C5H9NO3	271	-213.73358657789706	(1S,3R)-3-nitrocyclopentan-1-ol	C1CC(CC1N(=O)=O)O	0.0729999989	""	PubChem:(13230815)
GDJDOJWCORQKJJ	InChI=1S/C5H9NO3/c1-3(7)4(8)5(9)6-2/h4,8H,1-2H3,(H,6,9)	C5H9NO3	272	-213.84634210717772	""	CC(=O)C(C(=NC)O)O	-1.23099995	""	PubChem:(58004918)
MRSTZLDVPPPAKB	InChI=1S/C5H9NO3/c1-6-3-2-9-5(8)4(3)7/h3,5-6,8H,2H2,1H3	C5H9NO3	273	-214.00539866760346	""	CNC1COC(C1=O)O	-0.764999986	""	PubChem:(89022988)
FWWMSDKSJJPQIV	InChI=1S/C5H9NO3/c6-1-4-5(8)3(7)2-9-4/h1,3-8H,2H2	C5H9NO3	274	-214.00802514413496	""	C(=N)C1C(C(CO1)O)O	-0.800000012	""	PubChem:(126601842)
VFLNBXZAHYYWJL	InChI=1S/C5H9NO3/c7-3-4(8)5-6-1-2-9-5/h4,7-8H,1-3H2	C5H9NO3	275	-214.1129116628254	""	C1COC(=N1)C(CO)O	-1.40400004	""	PubChem:(54091145)
WDUBITAVGZSNSF	InChI=1S/C5H9NO3/c1-6(2)3-4(7)5(8)9/h3H2,1-2H3,(H,8,9)	C5H9NO3	276	-214.15353043196185	""	CN(C)CC(=O)C(=O)O	-0.901000023	""	PubChem:(91354336)
SOZGJLCKLATTKB	InChI=1S/C5H9NO3/c7-4(8)5(9)1-2-6-3-5/h6,9H,1-3H2,(H,7,8)	C5H9NO3	277	-214.20205609433032	3-hydroxy-3-Pyrrolidinecarboxylic acid	C1CNCC1(C(=O)O)O	-0.707000017	""	PubChem:(20448329 86333872 86333874)
WXXDJYNXUHKOIG	InChI=1S/C5H9NO3/c1-6(4-7)3-2-5(8)9/h4H,2-3H2,1H3,(H,8,9)	C5H9NO3	278	-214.28914237840021	3-[formyl(methyl)amino]propanoic acid	CN(CCC(=O)O)C=O	-0.843999982	""	PubChem:(23394761)
SCFVLCSSDDAHJR	InChI=1S/C5H9NO3/c6-5(7)4-2-1-3-8-9-4/h4H,1-3H2,(H2,6,7)	C5H9NO3	279	-214.55150893443252	""	C1CC(C(=N)O)OOC1	0.542999983	""	PubChem:(87059498)
DKJCWKZEOWJBDB	InChI=1S/C5H9NO3/c7-5(8)3-1-2-4-6-9/h4,9H,1-3H2,(H,7,8)	C5H9NO3	280	-214.72553305288298	5-hydroxyiminopentanoic acid	C(CC=NO)CC(=O)O	0.305000007	""	PubChem:(329134 5969554 9555368)
IGTULPLALQLASU	InChI=1S/C5H9NO3/c7-5-1-4(6-8)2-9-3-5/h4-5,7H,1-3H2	C5H9NO3	281	-214.8684601839327	""	C1C(COCC1O)N=O	-0.781000018	""	PubChem:(118146587 129102810)
CMHJKGDUDQZWBN	InChI=1S/C5H9NO3/c1-3(7)4(6-2)5(8)9/h4,6H,1-2H3,(H,8,9)	C5H9NO3	282	-215.0000671741382	""	CC(=O)C(C(=O)O)NC	-0.702000022	""	EcoCyc Mine;PubChem:(22121739 53728685 87562346);YMDB Mine;KEGG Mine
URKBUKGHWITRRP	InChI=1S/C5H9NO3/c1-8-5(7)2-4-3-6-9-4/h4,6H,2-3H2,1H3	C5H9NO3	283	-215.25893579347547	""	COC(=O)CC1CNO1	-0.118000001	""	PubChem:(70409683)
VCTCGAJBKDOMPE	InChI=1S/C5H11NO4/c1-3(7)4(6)5(8)10-9-2/h3-4,7H,6H2,1-2H3	C5H11NO4	284	-215.3956953195836	""	CC(C(C(=O)OOC)N)O	-1.23399997	""	PubChem:(129143933)
XJSCLALRVLHWFF	InChI=1S/C5H9NO3/c1-8-2-5(7)3-9-4-6/h5,7H,2-3H2,1H3	C5H9NO3	285	-215.4660385842235	""	COCC(COC#N)O	-0.694999993	""	PubChem:(89261079)
GBHSXENLPQNNTO	InChI=1S/C5H9NO3/c1-4(9)6-5(2-7)3-8/h1,5,7-8H,2-3H2,(H,6,9)	C5H9NO3	286	-215.7080239456478	""	[CH]C(=O)NC(CO)CO	-1.671	""	PubChem:(57585186)
GWLDTEAFEZLHPI	InChI=1S/C5H9NO3/c6-4(5(8)9)2-1-3-7/h1-2,4,7H,3,6H2,(H,8,9)	C5H9NO3	287	-215.70901558237247	(E)-2-amino-5-hydroxypent-3-enoic acid	C(=CC(C(=O)O)N)CO	-3.5940001	""	PubChem:(19708134 53860975)
TWIUGJYWNNDSQM	InChI=1S/C5H9NO3/c6-5(7)4-3-8-1-2-9-4/h4H,1-3H2,(H2,6,7)	C5H9NO3	288	-215.813603371153	1,4-dioxane-2-carboxamide	C1COC(CO1)C(=N)O	-0.488999993	""	PubChem:(18946072 69124522)
ZZAYGXUFOOUVHT	InChI=1S/C5H11NO4/c1-5(10,2-7)3(6)4(8)9/h3,7,10H,2,6H2,1H3,(H,8,9)	C5H11NO4	289	-215.81790694216596	""	CC(CO)(C(C(=O)O)N)O	-4.21099997	""	PubChem:(25209626 74429888 87215562 102032070)
PSUSVGBSODGBTL	InChI=1S/C5H9NO3/c7-3-1-6-2-4(8)5(3)9/h3,5-7,9H,1-2H2	C5H9NO3	290	-215.87208412547102	""	C1C(C(C(=O)CN1)O)O	-0.629000008	""	EcoCyc Mine
LSSDQFGDRREDLN	InChI=1S/C5H9NO3/c1-2-9-4(6)3-5(7)8/h6H,2-3H2,1H3,(H,7,8)	C5H9NO3	291	-215.96855018711275	3-ethoxy-3-iminopropanoate	CCOC(=N)CC(=O)O	0.270999998	""	PubChem:(18537898 21883410)
FAQROKOVKNBWFF	InChI=1S/C5H9NO3/c1-2-3(7)5(9)6-4(2)8/h2-4,7-8H,1H3,(H,6,9)	C5H9NO3	292	-215.98919164901744	""	CC1C(C(=NC1O)O)O	-0.400999993	""	PubChem:(89514492)
ANGWQLPIOUGHNC	InChI=1S/C5H9NO3/c1-3-2-4(6-8)5(7)9-3/h3-5,7H,2H2,1H3	C5H9NO3	293	-216.00566703918864	""	CC1CC(C(O)O1)N=O	0.245000005	""	PubChem:(121404199)
MSVWOONKDAYNOM	InChI=1S/C5H9NO3/c1-2(7)3-4(9-3)5(6)8/h2-4,7H,1H3,(H2,6,8)	C5H9NO3	294	-216.18063161923388	""	CC(C1C(C(=N)O)O1)O	-0.510999978	""	PubChem:(55284069)
VUQFGHFMYYEPOU	InChI=1S/C5H11NO4/c1-2-6-3-5(9,10)4(7)8/h6,9-10H,2-3H2,1H3,(H,7,8)	C5H11NO4	295	-216.30693398116426	""	CCNCC(C(=O)O)(O)O	-1.86199999	""	PubChem:(88670495)
KOSCWMIEFDRZKC	InChI=1S/C5H11NO4/c6-5(2-7)4(9)3(8)1-10-5/h3-4,7-9H,1-2,6H2	C5H11NO4	296	-216.63464186255362	""	C1C(C(C(CO)(N)O1)O)O	-1.56400001	""	PubChem:(53930320 68293450 89227978)
JCMVSHUPQDGAPJ	InChI=1S/C5H9NO3/c1-8-9-5-3-2-4(7)6-5/h5H,2-3H2,1H3,(H,6,7)	C5H9NO3	297	-216.8192205880813	""	COOC1CCC(=N1)O	0.282000005	""	PubChem:(88947598)
ZXHHOACZKUSVPL	InChI=1S/C5H11NO4/c6-4(5(8)9)1-2-10-3-7/h4,7H,1-3,6H2,(H,8,9)	C5H11NO4	298	-216.85997605372896	""	C(COCO)C(C(=O)O)N	-3.65100002	""	PubChem:(57643874)
VTULMVFTYNCYTA	InChI=1S/C5H9NO3/c1-5(2,3(6)7)4(8)9/h1-2H3,(H2,6,7)(H,8,9)	C5H9NO3	299	-217.05478533631444	ACMC-20mlry	CC(C)(C(=N)O)C(=O)O	0.451000005	""	PubChem:(13930535 21125600);biological
BFDXPLFOTFENGF	InChI=1S/C5H11NO4/c6-5(9)2-10-3(1-7)4(5)8/h3-4,7-9H,1-2,6H2	C5H11NO4	300	-217.3633491380233	""	C(C1C(C(CO1)(N)O)O)O	-1.56400001	""	PubChem:(54557365 66995474)
VOUICPGQPNWHBJ	InChI=1S/C5H9NO3/c7-4-3-5(8,9)1-2-6-4/h8-9H,1-3H2,(H,6,7)	C5H9NO3	301	-217.46902299568242	4,4-dihydroxypiperidin-2-one	C1CN=C(CC1(O)O)O	-1.14400005	""	PubChem:(19851500)
REVRTXFQAIRDES	InChI=1S/C5H11NO4/c1-10-5(9)6-2-4(8)3-7/h4,7-8H,2-3H2,1H3,(H,6,9)	C5H11NO4	302	-217.52564607173966	""	COC(=NCC(CO)O)O	-1.08200002	""	PubChem:(9815221 54263045)
SMUCFTBNIALTHB	InChI=1S/C5H11NO4/c7-4-3-6(10)2-1-5(8)9/h7,10H,1-4H2,(H,8,9)	C5H11NO4	303	-217.6182943697756	3-[hydroxy(2-hydroxyethyl)amino]propanoic acid	C(CN(CCO)O)C(=O)O	-1.99399996	""	PubChem:(19961419)
KNPXJNJURBXQLV	InChI=1S/C5H9NO3/c1-2-3(4(6)7)5(8)9/h3H,2H2,1H3,(H2,6,7)(H,8,9)	C5H9NO3	304	-217.7063833147287	Butanoic acid, 2-(aminocarbonyl)-	CCC(C(=N)O)C(=O)O	0.310000002	""	PubChem:(18975485 21894451 57453741)
JVFOLQHTMBKVJQ	InChI=1S/C5H11NO4/c6-5(9)3(8)2-10-4(5)1-7/h3-4,7-9H,1-2,6H2	C5H11NO4	305	-217.71773083353781	""	C(C1C(C(CO1)O)(N)O)O	-1.13499999	""	PubChem:(68293429)
WDDDPRYHGNKLQY	InChI=1S/C5H9NO3/c1-2-9-5(8)4(6)3-7/h3-4H,2,6H2,1H3	C5H9NO3	306	-217.75029475675737	DL-Alanine, 3-oxo-, ethyl ester	CCOC(=O)C(C=O)N	-0.199000001	""	PubChem:(20065642)
YHIYAICIDQSKBU	InChI=1S/C5H11NO4/c6-5(9)10-3-4(8)1-2-7/h4,7-8H,1-3H2,(H2,6,9)	C5H11NO4	307	-217.76298204424882	""	C(CO)C(COC(=N)O)O	-0.526000023	""	PubChem:(54508382)
VYBYAYZLRRUGSL	InChI=1S/C5H9NO3/c1-9-2-3-4(7)5(8)6-3/h3-4,7H,2H2,1H3,(H,6,8)	C5H9NO3	308	-217.9720107801602	""	COCC1C(C(=N1)O)O	-0.674000025	""	PubChem:(10396877)
TWPXBSBMIBIYCM	InChI=1S/C5H9NO3/c1-5(9)3(7)2-6-4(5)8/h3,7,9H,2H2,1H3,(H,6,8)	C5H9NO3	309	-218.03769771973404	""	CC1(C(CN=C1O)O)O	-0.720000029	""	PubChem:(44406646 55299012)
ZPCQSJYTXRPREU	InChI=1S/C5H9NO3/c6-5(4(8)9)1-3(5)2-7/h3,7H,1-2,6H2,(H,8,9)	C5H9NO3	310	-218.1139699636515	Cyclopropanecarboxylicacid, 1-amino-2-(hydroxymethyl)-	C1C(CO)C1(C(=O)O)N	-3.46000004	""	PubChem:(1502028 4259406 6558434 10103204 10441733 40478961 68545890);biological
APLDKCVZGJSYQQ	InChI=1S/C5H9NO3/c1-3(5(8)9)2-4(6)7/h3H,2H2,1H3,(H2,6,7)(H,8,9)	C5H9NO3	311	-218.12736400096176	4-amino-2-methyl-4-oxobutanoate	CC(CC(=N)O)C(=O)O	-0.0109999999	""	PubChem:(10219449 11263506 18915910 58120408);biological
UVNVXXJGUTYFHH	InChI=1S/C5H9NO3/c7-2-1-5(9)3-6-4-8/h2,4-5,9H,1,3H2,(H,6,8)	C5H9NO3	312	-219.17452559823872	""	C(C=O)C(CN=CO)O	-0.825999975	""	PubChem:(100969873)
STDVCZWWAATUKN	InChI=1S/C5H9NO3/c7-3-4-1-2-6(4)5(8)9/h4,7H,1-3H2,(H,8,9)	C5H9NO3	313	-219.36261346234932	(2S)-2-(hydroxymethyl)azetidine-1-carboxylic acid	C1CN(C1CO)C(=O)O	-0.822000027	""	PubChem:(21041489 21980020 57457678 90000933)
RWAWIXNCRHTIGH	InChI=1S/C5H11NO4/c1-4(8)10-6-2-5(9)3-7/h5-7,9H,2-3H2,1H3	C5H11NO4	314	-219.5654037447904	(2,3-dihydroxypropylamino) acetate	CC(=O)ONCC(CO)O	-1.14600003	""	PubChem:(60002726)
PETFALOGNCSQCO	InChI=1S/C5H9NO3/c1-4(8)5(6-9)2-3-7/h3,5-6,9H,2H2,1H3	C5H9NO3	315	-220.03096937511813	""	CC(=O)C(CC=O)NO	-0.526000023	""	PubChem:(90976236)
YWWNUFVQQOBOEG	InChI=1S/C5H9NO3/c7-4-2-1-3-6(4)5(8)9/h4,7H,1-3H2,(H,8,9)	C5H9NO3	316	-220.30821201669397	2-hydroxypyrrolidine-1-carboxylic acid	C1CC(N(C1)C(=O)O)O	0.101999998	""	PubChem:(23110253 90978130 91549281)
JYRZJYINGAEASK	InChI=1S/C5H9NO3/c7-4-1-3(2-4)6-5(8)9/h3-4,6-7H,1-2H2,(H,8,9)	C5H9NO3	317	-220.38758596300423	""	C1C(CC1O)NC(=O)O	-0.569000006	""	PubChem:(57486966)
YALGJZZMGMGOPY	InChI=1S/C5H9NO3/c1-4(5(7)8)2-3-6-9/h6,9H,1-3H2,(H,7,8)	C5H9NO3	318	-220.45117050875618	""	C=C(CCNO)C(=O)O	-0.216999993	""	PubChem:(87349386)
XKZYOMPIIKNVFF	InChI=1S/C5H9NO3/c6-1-5(7)9-3-4-2-8-4/h4H,1-3,6H2	C5H9NO3	319	-220.70664079624177	Glycine, oxiranylmethyl ester	C(C(=O)OCC1CO1)N	-1.22599995	""	PubChem:(22164579)
YEVDIGHLJXGFJY	InChI=1S/C5H11NO4/c1-8-5(7)4(6)3-10-9-2/h4H,3,6H2,1-2H3	C5H11NO4	320	-220.74919547025584	methyl 2-amino-3-methylperoxypropanoate	COC(=O)C(COOC)N	-0.824000001	""	PubChem:(22949109)
DSOBFWPMWSXZGI	InChI=1S/C5H9NO3/c1-4(7)9-3-2-5(6)8/h2-3H2,1H3,(H2,6,8)	C5H9NO3	321	-220.77099540273323	Propanamide, 3-(acetyloxy)-	CC(=O)OCCC(=N)O	0.187000006	""	PubChem:(19981550)
BHGIOSJFYWKJMQ	InChI=1S/C5H9NO3/c7-5(8)4(6-9)3-1-2-3/h3-4,6,9H,1-2H2,(H,7,8)	C5H9NO3	322	-220.8869483192265	""	C1CC1C(C(=O)O)NO	-0.00700000022	""	PubChem:(103282686)
GCDUTFPATQPCAA	InChI=1S/C5H9NO3/c7-3-1-5(6-9)2-4-8/h3,5,8H,1-2,4H2	C5H9NO3	323	-221.18121149977972	""	C(C=O)C(CCO)N=O	-0.463999987	""	PubChem:(91363112)
FWZCYIZBEUOJME	InChI=1S/C5H9NO3/c7-2-4-1-5(3-8)9-6-4/h5,7-8H,1-3H2	C5H9NO3	324	-221.37104803899996	[3-(hydroxymethyl)-4,5-dihydro-1,2-oxazol-5-yl]methanol	C1C(=NOC1CO)CO	-1.06599998	""	PubChem:(23256154 101856866)
KYBXNPIASYUWLN	InChI=1S/C5H9NO3/c7-4-2-1-3(6-4)5(8)9/h3-4,6-7H,1-2H2,(H,8,9)	C5H9NO3	325	-221.38789682401244	L-Proline, 5-hydroxy-	C1CC(NC1C(=O)O)O	-0.720000029	""	EcoCyc Mine;biological;PubChem:(499910 3005827 6338400 14325405 14325406 22842613 44204197 44204198 44204302 44204303 69928901 102210550 119079657 119079658);YMDB Mine;KEGG Mine
WCAAFZSQWIJJJV	InChI=1S/C5H9NO3/c7-4(8)5(6-9)2-1-3-5/h6,9H,1-3H2,(H,7,8)	C5H9NO3	326	-221.58605506040996	N-Hydroxyaminocyclobutanecarboxylic acid	C1CC(C1)(C(=O)O)NO	-0.194000006	""	PubChem:(45089094 51049462)
AYRDPCLRCMEWFD	InChI=1S/C5H9NO3/c7-5(6-8)4-2-1-3-9-4/h4,8H,1-3H2,(H,6,7)	C5H9NO3	327	-221.76340898867082	""	C1CC(C(=NO)O)OC1	0.254000008	""	PubChem:(24696463 28184649)
NXONFOUUFVZJHX	InChI=1S/C5H9NO3/c6-5(8)4-3(1-7)2-9-4/h3-4,7H,1-2H2,(H2,6,8)	C5H9NO3	328	-222.49102100405472	""	C(C1COC1C(=N)O)O	-0.776000023	""	PubChem:(117771132)
WVGHVFKPDXZFOD	InChI=1S/C5H9NO3/c1-2-3(7)4(6)5(8)9/h2-4,7H,1,6H2,(H,8,9)	C5H9NO3	329	-222.7235520523719	2-amino-3-hydroxypent-4-enoic acid	C=CC(C(C(=O)O)N)O	-3.23799992	""	PubChem:(10630515 13489275 55284835 55285158)
NYGKICXHEWAHQP	InChI=1S/C5H9NO3/c1-2-3-4(6-9)5(7)8/h9H,2-3H2,1H3,(H,7,8)	C5H9NO3	330	-222.80512010686945	Pentanoic acid, 2-(hydroxyimino)-	CCCC(=NO)C(=O)O	0.638999999	""	PubChem:(13521176 20402983)
TVJKBESSKATFJN	InChI=1S/C5H9NO3/c7-5(8)1-4-2-6-3-9-4/h4,6H,1-3H2,(H,7,8)	C5H9NO3	331	-222.85788072720683	2-(1,3-oxazolidin-5-yl)acetic acid	C(C1CNCO1)C(=O)O	-0.861999989	""	PubChem:(20348154)
AYNTWFWLTASBLS	InChI=1S/C5H9NO3/c1-9-6-5(8)3-2-4-7/h4H,2-3H2,1H3,(H,6,8)	C5H9NO3	332	-223.08616008584883	""	CON=C(CCC=O)O	0.541999996	""	PubChem:(126994320)
DYKBBGXXVIIGKU	InChI=1S/C5H9NO3/c1-4(6-8)3-5(7)9-2/h4H,3H2,1-2H3	C5H9NO3	333	-223.14896204008195	""	CC(CC(=O)OC)N=O	0.216999993	""	PubChem:(123449820)
ZYARDORHUXTCHE	InChI=1S/C5H9NO3/c7-5-3-1-2-4(5)6(8)9/h4-5,7H,1-3H2	C5H9NO3	334	-223.22419130453133	""	C1CC(C(C1)O)N(=O)=O	0.930999994	""	PubChem:(13230816)
SBWHQQBJIOKCFW	InChI=1S/C5H9NO3/c1-3(2-6)4(7)5(8)9/h3H,2,6H2,1H3,(H,8,9)	C5H9NO3	335	-223.5379271526414	4-amino-3-methyl-2-oxobutanoic acid	CC(CN)C(=O)C(=O)O	-1.079	""	PubChem:(17778684);biological
GJEHFBBYKJTKGX	InChI=1S/C5H11NO4/c7-3-1-2-6(4(3)8)5(9)10/h3-5,7-10H,1-2H2	C5H11NO4	336	-224.00037373134282	1-(dihydroxymethyl)pyrrolidine-2,3-diol	C1CN(C(C1O)O)C(O)O	-0.815999985	""	PubChem:(19967730 67342007 67723595 67829485)
AWDARAVPGNYDOW	InChI=1S/C5H9NO3/c1-8-5-2-4(3-7)9-6-5/h4,7H,2-3H2,1H3	C5H9NO3	337	-224.39159420105946	(3-methoxy-4,5-dihydro-1,2-oxazol-5-yl)methanol	COC1=NOC(C1)CO	0.0270000007	""	PubChem:(14339794)
RXAUAOKIVJTPDE	InChI=1S/C5H9NO3/c1-4(7)3-9-5(2)6-8/h8H,3H2,1-2H3	C5H9NO3	338	-224.56110908251637	""	CC(=O)COC(=NO)C	0.130999997	""	PubChem:(88344091)
MYVSWMVAMJLCDW	InChI=1S/C5H9NO3/c1-2-6-3-4(7)5(8)9/h3-4,7H,2H2,1H3,(H,8,9)	C5H9NO3	339	-224.59501394234357	""	CCN=CC(C(=O)O)O	-0.824999988	""	PubChem:(87583770)
FOJNXDWRHDVNIW	InChI=1S/C5H9NO3/c7-1-4-2-9-3-5(8)6-4/h4,7H,1-3H2,(H,6,8)	C5H9NO3	340	-224.81990030357107	5-(Hydroxymethyl)morpholin-3-one	C(C1COCC(=N1)O)O	-1.20599997	""	PubChem:(25054154 86335551 86335552)
RSHAKWUMVHQORJ	InChI=1S/C5H11NO4/c1-3(7)5(4(2)8)6(9)10/h3-5,7-8H,1-2H3	C5H11NO4	341	-224.86171637438412	""	CC(C(C(C)O)N(=O)=O)O	-0.616999984	""	PubChem:(12591966)
IRTXCQNEIYTUBQ	InChI=1S/C5H9NO3/c1-9-5-3(7)2-4(8)6-5/h3,5,7H,2H2,1H3,(H,6,8)	C5H9NO3	342	-224.95686123956554	""	COC1C(CC(=N1)O)O	-0.874000013	""	PubChem:(11116101 55287066)
VWQRFGPPYDLWHD	InChI=1S/C5H11NO4/c1-2-10-6-3-4(7)5(8)9/h4,6-7H,2-3H2,1H3,(H,8,9)	C5H11NO4	343	-225.06004291731017	""	CCONCC(C(=O)O)O	-0.43599999	""	PubChem:(126984638)
YGAFJKKSZKJGSU	InChI=1S/C5H9NO3/c1-9-4(3-7)2-5(6)8/h3-4H,2H2,1H3,(H2,6,8)	C5H9NO3	344	-225.12328602578575	""	COC(CC(=N)O)C=O	-0.135000005	""	PubChem:(88204950)
QAISXTKWTBOYAA	InChI=1S/C5H9NO3/c1-2-4(5(8)9)6-3-7/h3-4H,2H2,1H3,(H,6,7)(H,8,9)	C5H9NO3	345	-225.13760448160818	2-formamidobutanoic acid	CCC(C(=O)O)N=CO	-0.0799999982	""	PubChem:(559455 55299428 81658628);KEGG Mine
UCWZKZYEUMYUBI	InChI=1S/C5H9NO3/c1-9-4(2-3-7)5(6)8/h3-4H,2H2,1H3,(H2,6,8)	C5H9NO3	346	-225.16847028044626	""	COC(CC=O)C(=N)O	-0.135000005	""	PubChem:(91152561)
VKMDBTAHGSBCND	InChI=1S/C5H9NO3/c1-2-4(7)3(6)5(8)9-2/h2-4,7H,6H2,1H3	C5H9NO3	347	-225.22179679654002	""	CC1C(C(C(=O)O1)N)O	-0.324000001	""	PubChem:(55291041 55291042)
MOSAZBXAIRJSOZ	InChI=1S/C5H9NO3/c7-5(9-8)4-2-1-3-6-4/h4,6,8H,1-3H2	C5H9NO3	348	-225.38439490969367	""	C1CC(C(=O)OO)NC1	-0.254999995	""	PubChem:(53419491 54083380 87220328)
BDMGHVMVOVZVIX	InChI=1S/C5H11NO4/c1-3(8)5(6,2-7)4(9)10/h3,7-8H,2,6H2,1H3,(H,9,10)	C5H11NO4	349	-225.4815132192211	Threonine, 2-(hydroxymethyl)-	CC(C(CO)(C(=O)O)N)O	-4.51800013	""	EcoCyc Mine;PubChem:(55291211 71407910);YMDB Mine;KEGG Mine
TXHZYDSTPNNGKK	InChI=1S/C5H11NO4/c1-6-4(9)2(7)3(8)5(6)10/h2-5,7-10H,1H3	C5H11NO4	350	-225.53144611024103	""	CN1C(C(C(C1O)O)O)O	-1.27400005	""	PubChem:(66850840)
UDMYUEGSCYGVNT	InChI=1S/C5H11NO4/c1-5(2-7,3-8)10-4(6)9/h7-8H,2-3H2,1H3,(H2,6,9)	C5H11NO4	351	-225.67771996334906	""	CC(CO)(CO)OC(=N)O	-0.467000008	""	PubChem:(54347761)
XLGVTXLVXHYFBD	InChI=1S/C5H9NO3/c7-3-1-2-6(4-8)5-9/h4-5,7H,1-3H2	C5H9NO3	352	-225.85446721584347	""	C(CN(C=O)C=O)CO	-0.521000028	""	PubChem:(46916279);biological
YZYSOIFBRFKMKE	InChI=1S/C5H9NO3/c6-3-1-2-4(7)5(8)9/h2,7H,1,3,6H2,(H,8,9)	C5H9NO3	353	-225.97343512073363	""	C(C=C(C(=O)O)O)CN	-0.501999974	""	EcoCyc Mine;KEGG Mine
MOQWPSZXKGJLDR	InChI=1S/C5H9NO3/c1-2-6-4(3-7)5(8)9/h2,4,7H,3H2,1H3,(H,8,9)	C5H9NO3	354	-226.0529744231873	""	CC=NC(CO)C(=O)O	-0.920000017	""	PubChem:(55301031)
GSNKVPUCDURBBG	InChI=1S/C5H9NO3/c1-5(2,6)3(7)4(8)9/h6H2,1-2H3,(H,8,9)	C5H9NO3	355	-226.25078657401625	""	CC(C)(C(=O)C(=O)O)N	-0.893999994	""	PubChem:(88986194)
CIDSYPRRUWQDQI	InChI=1S/C5H11NO4/c1-2-9-10-3-4(6)5(7)8/h4H,2-3,6H2,1H3,(H,7,8)	C5H11NO4	356	-226.25488663974969	""	CCOOCC(C(=O)O)N	-2.88800001	""	PubChem:(98044033)
OXKXOXUNOCGYPS	InChI=1S/C5H9NO3/c6-3-1-2-4(7)9-5(3)8/h3,5,8H,1-2,6H2	C5H9NO3	357	-226.35511670812224	""	C1CC(=O)OC(C1N)O	-0.625999987	""	PubChem:(101407489)
OHYGXZZFLPMYAP	InChI=1S/C5H9NO3/c1-9-5(8)4-3(7)2-6-4/h3-4,6-7H,2H2,1H3	C5H9NO3	358	-226.9192876878461	""	COC(=O)C1C(CN1)O	-0.393999994	""	PubChem:(89677165)
SWIIMMJHOHPUDU	InChI=1S/C5H9NO3/c7-4(5(8)9)3-1-6-2-3/h3-4,6-7H,1-2H2,(H,8,9)	C5H9NO3	359	-226.99906976196283	2-(azetidin-3-yl)-2-hydroxyacetic acid	C1C(CN1)C(C(=O)O)O	-0.949000001	""	PubChem:(20448330)
PKCXOQLVTWOWQB	InChI=1S/C5H9NO3/c6-3-4(1-2-7)5(8)9/h3-4,6-7H,1-2H2,(H,8,9)	C5H9NO3	360	-227.00084908442332	""	C(CO)C(C=N)C(=O)O	-0.619000018	""	PubChem:(54193454)
GTRYKHGXRVCFOV	InChI=1S/C5H9NO3/c1-3(5(6)8)9-4(2)7/h3H,1-2H3,(H2,6,8)	C5H9NO3	361	-227.02312923628037	Propanamide,2-(acetyloxy)-	CC(C(=N)O)OC(=O)C	0.555000007	""	PubChem:(223939 55281409 92171677)
JQPOFVYMOMWLPO	InChI=1S/C5H9NO3/c1-3-4(2-7)9-5(8)6-3/h3-4,7H,2H2,1H3,(H,6,8)	C5H9NO3	362	-227.34122830659467	""	CC1C(CO)OC(=N1)O	-0.057	""	PubChem:(11073453 84073134)
LVLOCQKFVNRDAS	InChI=1S/C5H9NO3/c6-5(9)4(3-8)1-2-7/h2,4,8H,1,3H2,(H2,6,9)	C5H9NO3	363	-227.35505864483824	""	C(C=O)C(CO)C(=N)O	-0.728999972	""	KEGG Mine
WRRPTNLVUNSMCI	InChI=1S/C5H9NO3/c1-2-5(7)3-4-6(8)9/h2-4H2,1H3	C5H9NO3	364	-227.46003988749547	3-Pentanone, 1-nitro-	CCC(=O)CCN(=O)=O	-0.272000015	""	PubChem:(12858433)
AZWKWTSKBIREIV	InChI=1S/C5H9NO3/c1-2-3-4(7)5(8)9-6/h2-3,6H2,1H3	C5H9NO3	365	-227.50741030286773	amino 2-oxopentanoate	CCCC(=O)C(=O)ON	-0.662999988	""	PubChem:(18471203)
DVYBRVVMFKVRSS	InChI=1S/C5H11NO4/c1-5(9,4(7)8)3-6-10-2/h6,9H,3H2,1-2H3,(H,7,8)	C5H11NO4	366	-227.74427882521613	""	CC(CNOC)(C(=O)O)O	-0.749000013	""	PubChem:(104644601)
JMPINCVRAYMNFG	InChI=1S/C5H9NO3/c1-8-5(7)4-2-3-6-9-4/h4,6H,2-3H2,1H3	C5H9NO3	367	-228.0897226993965	Methyl 5-isoxazolidinecarboxylate	COC(=O)C1CCNO1	0.577000022	""	PubChem:(551660)
IUSWOQONEBHIRW	InChI=1S/C5H9NO3/c1-2-5(9,3-6)4(7)8/h2,9H,1,3,6H2,(H,7,8)	C5H9NO3	368	-228.2801043226083	3-Butenoic acid, 2-(aminomethyl)-2-hydroxy-	C=CC(CN)(C(=O)O)O	-1.32200003	""	PubChem:(13995323)
WHWITHIVXKYTHC	InChI=1S/C5H9NO3/c1-5(6,3-7)2-4(8)9/h3H,2,6H2,1H3,(H,8,9)	C5H9NO3	369	-228.41632429719849	""	CC(CC(=O)O)(C=O)N	-1.01699996	""	PubChem:(88153753 88166779)
KCNYJRBIWGISEE	InChI=1S/C5H9NO3/c7-3-1-2-6-4-5(8)9/h3,6H,1-2,4H2,(H,8,9)	C5H9NO3	370	-228.6557984082415	""	C(CNCC(=O)O)C=O	-0.839999974	""	PubChem:(49866800)
SQNKXSNVSFDOBW	InChI=1S/C5H11NO4/c1-3(5(9)10)6-2-4(7)8/h3,5-6,9-10H,2H2,1H3,(H,7,8)	C5H11NO4	371	-228.82141003847156	""	CC(C(O)O)NCC(=O)O	-1.57799995	""	PubChem:(57328975 57328976)
GWEGWLCGMGLULD	InChI=1S/C5H9NO3/c1-3(7)5(2,6)4(8)9/h6H2,1-2H3,(H,8,9)	C5H9NO3	372	-228.9169114722939	2-amino-2-methyl-3-oxobutanoic acid	CC(=O)C(C)(C(=O)O)N	-2.74399996	""	PubChem:(19753728 57275963)
DQAAWVDUKSKYPB	InChI=1S/C5H9NO3/c6-4-3(5(7)8)1-2-9-4/h3-4H,1-2,6H2,(H,7,8)	C5H9NO3	373	-229.0898473722473	2-aminooxolane-3-carboxylic acid	C1COC(C1C(=O)O)N	-0.595000029	""	PubChem:(10154072 19107643 55285202)
OBIFLFDLJRQADB	InChI=1S/C5H11NO4/c7-3-4(8)1-2-6-5(9)10/h4,6-8H,1-3H2,(H,9,10)	C5H11NO4	374	-229.1714564401788	3,4-dihydroxybutylcarbamic acid	C(CNC(=O)O)C(CO)O	-1.46300006	""	PubChem:(21915460)
NWKGXAKYDIJMTQ	InChI=1S/C5H9NO3/c1-4(7)9-3-5(8)6-2/h3H2,1-2H3,(H,6,8)	C5H9NO3	375	-229.27804557709882	Acetamide, 2-(acetyloxy)-N-methyl-	CC(=O)OCC(=NC)O	-0.00300000003	""	PubChem:(14371775)
SJZXBXHEPLAYKC	InChI=1S/C5H9NO3/c7-5(8)4-2-1-3-9-6-4/h4,6H,1-3H2,(H,7,8)	C5H9NO3	376	-229.33825704886584	""	C1CC(C(=O)O)NOC1	0.185000002	""	PubChem:(118679157)
GHKPSMFOENLTGD	InChI=1S/C5H11NO4/c1-4(2-7)10-5(9)6-3-8/h4,7-8H,2-3H2,1H3,(H,6,9)	C5H11NO4	377	-229.52685530341398	""	CC(CO)OC(=NCO)O	-0.522000015	""	PubChem:(55287355)
ASUDIKGSORFOPG	InChI=1S/C5H11NO4/c7-3-5(4-8)1-2-6(9)10/h5,7-8H,1-4H2	C5H11NO4	378	-229.57988034090428	""	C(CN(=O)=O)C(CO)CO	-1.15799999	""	PubChem:(56984705)
MBFOTTCUUAIBDW	InChI=1S/C5H9NO3/c1-5(7)3-2-4-6(8)9/h2-4H2,1H3	C5H9NO3	379	-229.65242410144933	5-nitropentan-2-one	CC(=O)CCCN(=O)=O	-0.166999996	""	PubChem:(4295003)
ZEODYYPGJMEZTR	InChI=1S/C5H9NO3/c1-6-4(3-7)5(8)9-2/h3-4,6H,1-2H3	C5H9NO3	380	-229.73795222244158	""	CNC(C=O)C(=O)OC	-0.231999993	""	PubChem:(57978837)
ROLJLNUPGCZPBZ	InChI=1S/C5H9NO3/c1-3-5(8)6-9-4(2)7/h3H2,1-2H3,(H,6,8)	C5H9NO3	381	-230.0248376805416	(propanoylamino) acetate	CCC(=NOC(=O)C)O	0.880999982	""	PubChem:(149552)
TYDNFGKCIADHLC	InChI=1S/C5H9NO3/c1-4(9)5(2-7)6-3-8/h3,5,7H,2H2,1H3,(H,6,8)	C5H9NO3	382	-230.34874677372707	""	CC(=O)C(CO)N=CO	-1.30499995	""	PubChem:(57123718)
PACYEJLXMRBZJA	InChI=1S/C5H9NO3/c1-3(7)5(9-6)4(2)8/h5H,6H2,1-2H3	C5H9NO3	383	-230.4159015129915	""	CC(=O)C(C(=O)C)ON	-1.26999998	""	PubChem:(87798540)
QIECUONTZRHJJM	InChI=1S/C5H9NO3/c1-4(7)3-5(8)6-9-2/h3H2,1-2H3,(H,6,8)	C5H9NO3	384	-230.75775910085625	""	CC(=O)CC(=NOC)O	0.224000007	""	PubChem:(14895682)
PCOMRDWSXOYTFK	InChI=1S/C5H9NO3/c7-3-6-4-1-9-2-5(4)8/h3-5,8H,1-2H2,(H,6,7)	C5H9NO3	385	-230.92083756240714	""	C1C(C(CO1)O)N=CO	-1.07700002	""	PubChem:(127001792 129016894 129016950)
QBVYIDRZFMJKBM	InChI=1S/C5H9NO3/c7-3-6-1-4(8)5(9)2-6/h3-5,8-9H,1-2H2	C5H9NO3	386	-231.0311145523686	3,4-dihydroxypyrrolidine-1-carbaldehyde	C1C(C(CN1C=O)O)O	-1.50899994	""	PubChem:(17846002 54420491 118069127)
SMCBXOWWJZPWSC	InChI=1S/C5H9NO3/c1-6-2-4(5(7)8)9-3-6/h4H,2-3H2,1H3,(H,7,8)	C5H9NO3	387	-231.13329170366916	""	CN1CC(C(=O)O)OC1	-0.714999974	""	PubChem:(89359160)
SPBWNBDIAGMCSV	InChI=1S/C5H9NO3/c1-9-3-4(6)2-5(7)8/h6H,2-3H2,1H3,(H,7,8)	C5H9NO3	388	-231.14309244510147	""	COCC(=N)CC(=O)O	-0.726000011	""	PubChem:(91073114)
WXHIPGRXCLIMGG	InChI=1S/C5H11NO4/c7-5(8)3-1-2-4-6(9)10/h5,7-8H,1-4H2	C5H11NO4	389	-231.27630653115452	""	C(CCN(=O)=O)CC(O)O	-0.5	""	PubChem:(54454598)
IZKGNCMAIDSYPN	InChI=1S/C5H9NO3/c1-4(5(7)8)3-6-9-2/h6H,1,3H2,2H3,(H,7,8)	C5H9NO3	390	-231.29198080658753	""	C=C(CNOC)C(=O)O	0.219999999	""	PubChem:(103254326)
BMIDJNZSIZWSCP	InChI=1S/C5H9NO3/c1-6-5(8)4-9-3-2-7/h2H,3-4H2,1H3,(H,6,8)	C5H9NO3	391	-231.31486256234953	""	CN=C(COCC=O)O	-0.428000003	""	PubChem:(89131518)
IVWXQPLCGZVOMM	InChI=1S/C5H9NO3/c7-3-4(5(8)9)6-1-2-6/h4,7H,1-3H2,(H,8,9)	C5H9NO3	392	-231.3206299927668	""	C1CN1C(CO)C(=O)O	-1.37100005	""	PubChem:(87089226)
PJPIFPWCNVEKSC	InChI=1S/C5H9NO3/c1-4(8)6-5(9)2-3-7/h7H,2-3H2,1H3,(H,6,8,9)	C5H9NO3	393	-231.483185758137	""	CC(=NC(=O)CCO)O	-0.640999973	""	PubChem:(88991728)
XDMIPTUVWFYTOK	InChI=1S/C5H9NO3/c1-4(3-7)6-2-5(8)9/h3-4,6H,2H2,1H3,(H,8,9)	C5H9NO3	394	-231.62904826623205	""	CC(C=O)NCC(=O)O	-0.472000003	""	PubChem:(57872270 89402240)
CLKDCJVSECIXAL	InChI=1S/C5H9NO3/c7-3-4-1-6(2-4)5(8)9/h4,7H,1-3H2,(H,8,9)	C5H9NO3	395	-231.66739985191066	3-(hydroxymethyl)azetidine-1-carboxylic acid	C1C(CN1C(=O)O)CO	-0.985000014	""	PubChem:(21961464 53417272)
VNBFIKOILQLFEW	InChI=1S/C5H9NO3/c1-9-5(8)2-3-6-4-7/h4H,2-3H2,1H3,(H,6,7)	C5H9NO3	396	-231.91307506422837	Methyl 3-formamidopropanoate	COC(=O)CCN=CO	-0.246999994	""	PubChem:(54317601)
FLDMMTWNWGSTJL	InChI=1S/C5H9NO3/c7-3-9-5-1-4(8)2-6-5/h3-6,8H,1-2H2	C5H9NO3	397	-232.14593154544806	""	C1C(CNC1OC=O)O	0.127000004	""	PubChem:(58432547 59103578)
KCSKMRFFQXJVDF	InChI=1S/C5H9NO3/c6-4(7)3-1-2-9-5(3)8/h3,5,8H,1-2H2,(H2,6,7)	C5H9NO3	398	-232.19542709317744	""	C1COC(C1C(=N)O)O	-0.122000001	""	PubChem:(69706782)
WBJSGYZELQXIII	InChI=1S/C5H11NO4/c1-9-5(10-2)3(6)4(7)8/h3,5H,6H2,1-2H3,(H,7,8)	C5H11NO4	399	-232.30490745186583	(2S)-2-amino-3,3-dimethoxypropanoic acid	COC(C(C(=O)O)N)OC	-3.45300007	""	PubChem:(11457767 12042814)
DMELBDGPDOJCTC	InChI=1S/C5H9NO3/c7-2-4-1-6-5(8)3-9-4/h4,7H,1-3H2,(H,6,8)	C5H9NO3	400	-232.35906704971325	6-(Hydroxymethyl)morpholin-3-one	C1C(CO)OCC(=N1)O	-1.27199996	""	PubChem:(11446350 34179996 53401946)
OAMWNDMMJLINIH	InChI=1S/C5H9NO3/c1-3(5(6)9)2-4(7)8/h3H,2H2,1H3,(H2,6,9)(H,7,8)	C5H9NO3	401	-232.45590964149594	3-carbamoyl-3-methylpropanoic acid	CC(CC(=O)O)C(=N)O	-0.0109999999	""	PubChem:(54140141 55284060 89192565)
RZSOVTMAKKGAQS	InChI=1S/C5H9NO3/c6-5(7)1-4-2-8-9-3-4/h4H,1-3H2,(H2,6,7)	C5H9NO3	402	-232.6954964831803	""	C(C1COOC1)C(=N)O	0.114	""	PubChem:(87931797)
AHRXQMYOBDPSJK	InChI=1S/C5H9NO3/c7-2-1-4-3-9-5(8)6-4/h4,7H,1-3H2,(H,6,8)	C5H9NO3	403	-232.83234443171307	(4S)-4-(2-hydroxyethyl)-1,3-oxazolidin-2-one	C(CO)C1COC(=N1)O	-0.158999994	""	PubChem:(10396878 11355496)
JIYAUZMNUQFTOM	InChI=1S/C5H9NO3/c1-4(7)6-3-9-5(2)8/h3H2,1-2H3,(H,6,7)	C5H9NO3	404	-233.02308796293485	acetamidomethyl acetate	CC(=NCOC(=O)C)O	0.296000004	""	PubChem:(12539853)
PKOSULJDKBGSDT	InChI=1S/C5H9NO3/c1-2-3-4-5(9-4)6(7)8/h4-5H,2-3H2,1H3	C5H9NO3	405	-233.25998395042672	""	CCCC1C(N(=O)=O)O1	1.005	""	PubChem:(10964542 100926317)
WVCVCNQPZRAIPQ	InChI=1S/C5H11NO4/c6-10-5(3-8)4-9-2-1-7/h3,5,7H,1-2,4,6H2	C5H11NO4	406	-233.29656047654046	""	C(COCC(C=O)ON)O	-2.00900006	""	PubChem:(119096024)
DAICRAYNUYBCNW	InChI=1S/C5H9NO3/c7-3-4(8)5-1-2-6-9-5/h2,4-5,7-8H,1,3H2	C5H9NO3	407	-233.42794625430162	""	C1C=NOC1C(CO)O	-0.551999986	""	PubChem:(10749211 10773006)
KQBBMSNDJXMAPV	InChI=1S/C5H11NO4/c6-4(10-3-7)1-2-5(8)9/h4,7H,1-3,6H2,(H,8,9)	C5H11NO4	408	-233.455300365306	4-amino-4-(hydroxymethoxy)butanoic acid	C(CC(=O)O)C(N)OCO	-1.25600004	""	PubChem:(22086306 59899109)
FTHORVJMZMMRQU	InChI=1S/C5H9NO3/c7-5(8)2-6-1-4-3-9-4/h4,6H,1-3H2,(H,7,8)	C5H9NO3	409	-233.4665525493345	Glycine, N-(oxiranylmethyl)-	C(C1CO1)NCC(=O)O	-1.15699995	""	PubChem:(23447258 23447281)
SVWQRMWTSDPIJW	InChI=1S/C5H9NO3/c1-4(7)2-3-6-5(8)9/h6H,2-3H2,1H3,(H,8,9)	C5H9NO3	410	-233.82458199107984	3-oxobutylcarbamic acid	CC(=O)CCNC(=O)O	-0.63499999	""	PubChem:(22678170)
MJAQIMNGHKZMHU	InChI=1S/C5H11NO4/c1-6-5(2-7,3-8)4(9)10/h6-8H,2-3H2,1H3,(H,9,10)	C5H11NO4	411	-234.00033942927544	""	CNC(CO)(CO)C(=O)O	-2.42199993	""	KEGG Mine
KABOFJVHBUWVBD	InChI=1S/C5H9NO3/c1-3(5(8)9)2-4(6)7/h4,7H,1-2,6H2,(H,8,9)	C5H9NO3	412	-234.05947393728675	4-amino-4-hydroxy-2-methylidenebutanoic acid	C=C(CC(N)O)C(=O)O	-1.08800006	""	PubChem:(17930621)
IJQTYOJYRNDSBI	InChI=1S/C5H9NO3/c1-4(8)9-5(6)2-3-7/h3,5H,2,6H2,1H3	C5H9NO3	413	-234.18368961681753	""	CC(=O)OC(CC=O)N	-0.407000005	""	PubChem:(87067640)
OSGYBLYOBUYRNH	InChI=1S/C5H9NO3/c7-1-4-3-9-6-5(4)2-8/h2,4-7H,1,3H2	C5H9NO3	414	-234.31086004765572	""	C(C1CONC1C=O)O	-0.165000007	""	PubChem:(90928526)
BLSOZYXIKSJQRZ	InChI=1S/C5H11NO4/c6-5(9)10-3-4(1-7)2-8/h4,7-8H,1-3H2,(H2,6,9)	C5H11NO4	415	-234.49281594795443	[3-hydroxy-2-(hydroxymethyl)propyl] carbamate	C(C(CO)COC(=N)O)O	-0.68900001	""	PubChem:(21219850)
QBUGRBOPHMOFMQ	InChI=1S/C5H9NO3/c1-4(5(8)9)2-6-3-7/h3-4H,2H2,1H3,(H,6,7)(H,8,9)	C5H9NO3	416	-234.5668967388638	""	CC(CN=CO)C(=O)O	-0.275000006	""	PubChem:(54229585)
BEDJYXDUBBMWSI	InChI=1S/C5H9NO3/c6-1-5(7)9-4-2-8-3-4/h4H,1-3,6H2	C5H9NO3	417	-234.59783137053344	""	C(C(=O)OC1COC1)N	-1.22599995	""	PubChem:(119030461)
FEMFMHCBXSCZNM	InChI=1S/C5H11NO4/c1-9-3-4(7)5(8)6-10-2/h4,7H,3H2,1-2H3,(H,6,8)	C5H11NO4	418	-234.94298719786917	""	COCC(C(=NOC)O)O	-0.365999997	""	PubChem:(126991401)
HRPBTPOCAJRCOP	InChI=1S/C5H9NO3/c1-3-6-4(9-2)5(7)8/h3H2,1-2H3,(H,7,8)	C5H9NO3	419	-235.19772922506988	""	CCN=C(C(=O)O)OC	0.263999999	""	PubChem:(88191263)
NSZVRPIRLXPYFO	InChI=1S/C5H9NO3/c1-8-4-9-3-5(7)2-6/h5,7H,3-4H2,1H3	C5H9NO3	420	-235.3889450809108	2-hydroxy-3-(methoxymethoxy)propanenitrile	COCOCC(C#N)O	-1.14600003	""	PubChem:(10942455 23243236 101034535)
JFLASKWIEUYLBW	InChI=1S/C5H11NO4/c1-5(2-6,3(7)8)4(9)10/h3,7-8H,2,6H2,1H3,(H,9,10)	C5H11NO4	421	-235.42648527438504	""	CC(CN)(C(O)O)C(=O)O	-2.19899988	""	YMDB Mine;KEGG Mine
LONPIEVDXPRDMR	InChI=1S/C5H9NO3/c1-4(7)3-9-5(8)2-6/h2-3,6H2,1H3	C5H9NO3	422	-235.51501131465747	""	CC(=O)COC(=O)CN	-1.21599996	""	PubChem:(54044391)
JWDQOMXRJMVQIQ	InChI=1S/C5H9NO3/c6-5(1-4(7)8)2-9-3-5/h1-3,6H2,(H,7,8)	C5H9NO3	423	-235.94996620240576	2-(3-Aminooxetan-3-yl)aceticacid	C(C(=O)O)C1(COC1)N	-0.966000021	""	PubChem:(71432941)
BMWVFAJSBGSDKB	InChI=1S/C5H9NO3/c1-2-9-4(3-7)5(6)8/h3-4H,2H2,1H3,(H2,6,8)	C5H9NO3	424	-236.06343524027594	""	CCOC(C=O)C(=N)O	-0.108000003	""	PubChem:(57104066)
YJAPCWIUOYKXAY	InChI=1S/C5H9NO3/c1-2-9-5(8)4(6)3-7/h2,4,7H,1,3,6H2	C5H9NO3	425	-236.13547325092205	ethenyl 2-amino-3-hydroxypropanoate	C=COC(=O)C(CO)N	-1.01600003	""	PubChem:(21838378 87763748)
RMQBFQWTJJLVRW	InChI=1S/C5H9NO3/c6-4(5(7)8)3-1-9-2-3/h3-4H,1-2,6H2,(H,7,8)	C5H9NO3	426	-236.29002583655964	(S)-2-Amino-2-(oxetan-3-yl)acetic acid	C1C(CO1)C(C(=O)O)N	-3.41499996	""	PubChem:(10011927 10261120 67066725)
ZBDURGMDELFQLW	InChI=1S/C5H9NO3/c7-2-3-1-6-4-5(8-3)9-4/h3-7H,1-2H2	C5H9NO3	427	-236.46115035130725	""	C1C(CO)OC2C(N1)O2	-0.870999992	""	PubChem:(129120826)
CQIXQLRNZHBILM	InChI=1S/C5H9NO3/c1-3-8-5(9-3)2-4(6)7/h3,5H,2H2,1H3,(H2,6,7)	C5H9NO3	428	-236.65156417104146	""	CC1OC(CC(=N)O)O1	0.337000012	""	PubChem:(89066454)
CSHMPQSOMIQHHD	InChI=1S/C5H9NO3/c1-3-5(8)4(7)2-6(3)9/h2-5,7-8H,1H3	C5H9NO3	429	-236.7107707943164	""	CC1C(C(C=N1=O)O)O	-1.29999995	""	PubChem:(53473432)
CVZVVCROFPQKAC	InChI=1S/C5H9NO3/c1-4(7)6-9-3-5-2-8-5/h5H,2-3H2,1H3,(H,6,7)	C5H9NO3	430	-236.92712876491137	N-(oxiran-2-ylmethoxy)acetamide	CC(=NOCC1CO1)O	0.395000011	""	PubChem:(19807386)
ADUOYBVIIYZUPP	InChI=1S/C5H9NO3/c1-4(7)2-6-3-5(8)9/h6H,2-3H2,1H3,(H,8,9)	C5H9NO3	431	-236.9868941719637	2-(2-oxopropylamino)acetic acid	CC(=O)CNCC(=O)O	-1.14699996	""	PubChem:(21873483);biological
MCENEEMPYGIZLK	InChI=1S/C5H9NO3/c7-2-5(3-8)1-6-4-9/h2,4-5,8H,1,3H2,(H,6,9)	C5H9NO3	432	-236.999809942217	""	C(C(C=O)CO)N=CO	-0.992999971	""	PubChem:(55300524)
ALNAUKYVMOGIOM	InChI=1S/C5H11NO4/c1-3(7)5(4(2)8)6(9)10/h3-4,7-8H,1-2H3,(H,9,10)	C5H11NO4	433	-237.08507026502488	""	CC(C(=N(=O)O)C(C)O)O	-0.180999994	""	PubChem:(102328203)
NKOFJGNYMVNAQW	InChI=1S/C5H11NO4/c7-3-4-1-6(9)2-5(8)10-4/h4-5,7-9H,1-3H2	C5H11NO4	434	-237.15228533136903	""	C1C(CO)OC(CN1O)O	-2.43199992	""	PubChem:(67341489)
RAXOQGBOPAPZDO	InChI=1S/C5H9NO3/c7-4-1-5(2-6-8)9-3-4/h2,4-5,7-8H,1,3H2	C5H9NO3	435	-237.18988992589414	""	C1C(COC1C=NO)O	-0.361999989	""	PubChem:(126611655)
OEEIAGDJEQSNKP	InChI=1S/C5H9NO3/c7-4-1-6(2-4)3-5(8)9/h4,7H,1-3H2,(H,8,9)	C5H9NO3	436	-237.19892858749185	""	C1C(CN1CC(=O)O)O	-1.43700004	""	PubChem:(63282398)
YOFAMJVKVOPSRX	InChI=1S/C5H9NO3/c6-5(7)4-1-2-8-9-3-4/h4H,1-3H2,(H2,6,7)	C5H9NO3	437	-237.26642419032655	""	C1COOCC1C(=N)O	0.109999999	""	PubChem:(87223632)
ZXMCORZLQKWWIC	InChI=1S/C5H9NO3/c1-4(7)3-9-6-5(2)8/h3H2,1-2H3,(H,6,8)	C5H9NO3	438	-237.2944794759152	""	CC(=O)CON=C(C)O	0.405000001	""	PubChem:(57203306)
BMJZBVHEFOIQFN	InChI=1S/C5H9NO3/c7-5(8)3-9-4-1-6-2-4/h4,6H,1-3H2,(H,7,8)	C5H9NO3	439	-237.51193238048089	""	C1C(CN1)OCC(=O)O	-1.15699995	""	PubChem:(55265992)
JAWLQYRNKSLQOF	InChI=1S/C5H9NO3/c1-9-3-4(7)2-5(6)8/h2-3H2,1H3,(H2,6,8)	C5H9NO3	440	-237.74650120738752	""	COCC(=O)CC(=N)O	-0.726000011	""	PubChem:(88031435)
ZKNOYFPDPIUPAQ	InChI=1S/C5H9NO3/c1-3-5(8)9-6-4(2)7/h3H2,1-2H3,(H,6,7)	C5H9NO3	441	-238.2544203443709	acetamido propanoate	CCC(=O)ON=C(C)O	0.880999982	""	PubChem:(18505373)
ODLHIZKXXORSRZ	InChI=1S/C5H9NO3/c1-2-3-4(7)6-5(8)9/h2-3H2,1H3,(H,6,7)(H,8,9)	C5H9NO3	442	-238.30715027609617	butanoylcarbamic acid	CCCC(=NC(=O)O)O	0.587000012	""	PubChem:(19702358 77134696);KEGG Mine
BDYBPSWLDMAOES	InChI=1S/C5H9NO3/c1-2-6-5(9)4(8)3-7/h7H,2-3H2,1H3,(H,6,9)	C5H9NO3	443	-238.32696114697708	""	CCNC(=O)C(=O)CO	-1.25	""	PubChem:(53677092)
AKDXGMLXZNIGBD	InChI=1S/C5H9NO3/c1-6(2)4(7)3-5(8)9/h3H2,1-2H3,(H,8,9)	C5H9NO3	444	-238.34122640985478	2-(dimethylcarbamoyl)acetic acid	CN(C)C(=O)CC(=O)O	-0.367000014	""	PubChem:(13627061)
OVXGPJGSVVCXGW	InChI=1S/C5H9NO3/c1-3(2-7)4(8)5(6)9/h2-4,8H,1H3,(H2,6,9)	C5H9NO3	445	-238.4596433976566	""	CC(C=O)C(C(=N)O)O	-0.361000001	""	PubChem:(91576830)
VBMKLMZAAICVJG	InChI=1S/C5H11NO4/c1-3(8)4(5(9)10)6-2-7/h3-4,6-8H,2H2,1H3,(H,9,10)	C5H11NO4	446	-238.47284086761525	""	CC(C(C(=O)O)NCO)O	-1.51199996	""	PubChem:(54383324 76123714)
UXUVVLMWOWGJJM	InChI=1S/C5H9NO3/c7-5-3-1-2-4-6(8)9/h5H,1-4H2	C5H9NO3	447	-238.5897601437156	""	C(CCN(=O)=O)CC=O	0.340000004	""	PubChem:(54377849)
BDGCLVXNXHBUCO	InChI=1S/C5H9NO3/c6-4-1-5(8,2-4)9-3-7/h3-4,8H,1-2,6H2	C5H9NO3	448	-238.8684279961258	""	C1C(CC1(O)OC=O)N	-0.340000004	""	PubChem:(87127500)
OORGODBIBOGYFE	InChI=1S/C5H9NO3/c1-9-5(8)6-3-2-4-7/h4H,2-3H2,1H3,(H,6,8)	C5H9NO3	449	-239.29592006488647	""	COC(=NCCC=O)O	0.252999991	""	PubChem:(10975513)
XIOQBRVBSHOVNQ	InChI=1S/C5H9NO3/c1-4(6(8)9)3-5(2)7/h4H,3H2,1-2H3	C5H9NO3	450	-239.33516253523018	4-Nitro-2-pentanone	CC(CC(=O)C)N(=O)=O	0.108999997	""	PubChem:(15416847)
VAUNZEJFKMRTCC	InChI=1S/C5H9NO3/c1-5(6,4(7)8)3-2-9-3/h3H,2,6H2,1H3,(H,7,8)	C5H9NO3	451	-239.35188384273528	""	CC(C1CO1)(C(=O)O)N	-3.5	""	PubChem:(9793776 9989307 10261119 71435431)
WMQCSRHVJVLAJM	InChI=1S/C5H11NO4/c6-3-5(9)10-2-1-4(7)8/h4,7-8H,1-3,6H2	C5H11NO4	452	-239.53696563361825	""	C(COC(=O)CN)C(O)O	-1.74899995	""	PubChem:(87372803)
KCRZEWLWGGAUPN	InChI=1S/C5H9NO3/c1-6(5(8)9)3-2-4-7/h4H,2-3H2,1H3,(H,8,9)	C5H9NO3	453	-239.80923036070678	methyl(3-oxopropyl)carbamic acid	CN(CCC=O)C(=O)O	-0.344000012	""	PubChem:(21928345)
ATUWXXVBEAYCSQ	InChI=1S/C5H9NO3/c6-5(4(7)8)1-2-9-3-5/h1-3,6H2,(H,7,8)	C5H9NO3	454	-239.82730387519973	3-Aminotetrahydro-3-furoicacid	C1COCC1(C(=O)O)N	-3.602	""	PubChem:(543662 10034668 51656353)
RFNODQARGNZURK	InChI=1S/C5H9NO3/c1-4(7)6-3-5(8)9-2/h3H2,1-2H3,(H,6,7)	C5H9NO3	455	-239.85331838277003	Methyl acetylglycinate	CC(=NCC(=O)OC)O	-0.514999986	""	PubChem:(517966 101193834);training set
SENIYXARJSEATH	InChI=1S/C5H11NO4/c7-2-4-1-6-3-5(8,9)10-4/h4,6-9H,1-3H2	C5H11NO4	456	-239.8643576796903	""	C1C(CO)OC(CN1)(O)O	-1.074	""	PubChem:(87362855)
ZFQFDAYPKYPZGT	InChI=1S/C5H9NO3/c7-3-4-1-2-9-5(8)6-4/h4,7H,1-3H2,(H,6,8)	C5H9NO3	457	-239.8850402566647	""	C1COC(=NC1CO)O	-0.158999994	""	PubChem:(55300134 118600769)
IDVUUKXMLBZFEJ	InChI=1S/C5H9NO3/c1-3(7)5(2,9)4(6)8/h9H,1-2H3,(H2,6,8)	C5H9NO3	458	-240.0207855848843	""	CC(=O)C(C)(C(=N)O)O	-0.685000002	""	EcoCyc Mine;PubChem:(45085399 93497720 93497721);YMDB Mine;KEGG Mine
MFFQJRCCKOUATH	InChI=1S/C5H9NO3/c7-2-1-4-3-5(8)6-9-4/h4,7H,1-3H2,(H,6,8)	C5H9NO3	459	-240.1851934640151	""	C(CO)C1CC(=NO1)O	0.064000003	""	PubChem:(89298587)
IQCSQYHFNBJMBU	InChI=1S/C5H11NO4/c1-2-3(7)5(6,10)4(8)9/h3,7,10H,2,6H2,1H3,(H,8,9)	C5H11NO4	460	-240.24082779478803	""	CCC(C(C(=O)O)(N)O)O	-4.02299976	""	PubChem:(87789680)
IJAMLRCIYUCTPK	InChI=1S/C5H9NO3/c7-4(8)1-5(9)2-6-3-5/h6,9H,1-3H2,(H,7,8)	C5H9NO3	461	-240.29114266838914	""	C(C(=O)O)C1(CNC1)O	-0.666000009	""	PubChem:(83478766)
JBIAJZBPYCQEDX	InChI=1S/C5H11NO4/c7-2-1-4(3-8)6-5(9)10/h4,6-8H,1-3H2,(H,9,10)	C5H11NO4	462	-240.68525975666805	1,4-dihydroxybutan-2-ylcarbamic acid	C(CO)C(CO)NC(=O)O	-1.46300006	""	PubChem:(17982491 87975354 87976014)
LVICYPKDBGLDRN	InChI=1S/C5H11NO4/c7-1-5(9)2-10-4-6-3-8/h3,5,7,9H,1-2,4H2,(H,6,8)	C5H11NO4	463	-240.7833715151528	""	C(C(COCN=CO)O)O	-1.54200006	""	PubChem:(123598275)
JWPHCVGEOQBOFM	InChI=1S/C5H9NO3/c6-5(8)2-1-3-9-4-7/h4H,1-3H2,(H2,6,8)	C5H9NO3	464	-240.8618303506926	""	C(CC(=N)O)COC=O	0.308999985	""	PubChem:(22928633)
WCXIDRAKFGCHDD	InChI=1S/C5H11NO4/c1-2-10-5(9)6-4(8)3-7/h4,7-8H,2-3H2,1H3,(H,6,9)	C5H11NO4	465	-240.9472141804402	""	CCOC(=NC(CO)O)O	-0.456	""	PubChem:(19028596)
VHTJLIRNCAAHEZ	InChI=1S/C5H9NO3/c1-2-9-5(7)3-4-6-8/h2-4H2,1H3	C5H9NO3	466	-240.96778411563352	""	CCOC(=O)CCN=O	0.114	""	PubChem:(88908499)
CENJHFYRUUPMPD	InChI=1S/C5H9NO3/c6-4(7)3-5-8-1-2-9-5/h5H,1-3H2,(H2,6,7)	C5H9NO3	467	-241.03229785749346	""	C1COC(CC(=N)O)O1	-0.25999999	""	PubChem:(67492634)
DPYSWQIVAVWIGZ	InChI=1S/C5H11NO4/c1-6-3(5(9)10)2-4(7)8/h3-4,6-8H,2H2,1H3,(H,9,10)	C5H11NO4	468	-241.1726040815412	""	CNC(CC(O)O)C(=O)O	-1.57700002	""	PubChem:(121445884)
NPJAKMWDAFVWDY	InChI=1S/C5H11NO4/c1-2(7)3(4(6)8)5(9)10/h2-4,7-8H,6H2,1H3,(H,9,10)	C5H11NO4	469	-241.24251768647517	""	CC(C(C(N)O)C(=O)O)O	-1.94000006	""	KEGG Mine
ZBLPMFHOCWUUJC	InChI=1S/C5H9NO3/c6-5(8)9-4-1-3(7)2-4/h3-4,7H,1-2H2,(H2,6,8)	C5H9NO3	470	-241.3915118825528	""	C1C(CC1OC(=N)O)O	0.368000001	""	PubChem:(68158490)
YRDQQVULEBIMNH	InChI=1S/C5H9NO3/c1-6-2-3-9-5(8)4-7/h4,6H,2-3H2,1H3	C5H9NO3	471	-241.50631265398854	""	CNCCOC(=O)C=O	-0.671999991	""	KEGG Mine
BTOJQNCIYPMWNL	InChI=1S/C5H9NO3/c1-4(8)2-5(6)9-3-7/h3,5H,2,6H2,1H3	C5H9NO3	472	-241.68493602324892	""	CC(=O)CC(N)OC=O	-0.791999996	""	PubChem:(89403479)
SITXWXWKHSDKOD	InChI=1S/C5H11NO4/c1-6-5(9)10-3-4(8)2-7/h4,7-8H,2-3H2,1H3,(H,6,9)	C5H11NO4	473	-241.7139103455245	""	CN=C(O)OCC(CO)O	-0.916000009	""	PubChem:(58455298)
YHWQYRSVBYTCGD	InChI=1S/C5H9NO3/c1-9-5(7)3-2-4-6-8/h2-4H2,1H3	C5H9NO3	474	-241.71805781797613	""	COC(=O)CCCN=O	0.0489999987	""	PubChem:(15818294)
GUQHMHLZZUYGNC	InChI=1S/C5H9NO3/c1-6-2-5(9,3-6)4(7)8/h9H,2-3H2,1H3,(H,7,8)	C5H9NO3	475	-241.73617333686857	3-hydroxy-1-methylazetidine-3-carboxylic acid	CN1CC(C1)(C(=O)O)O	-1.68400002	""	PubChem:(20343120)
QKSLOOGJRHJRIJ	InChI=1S/C5H9NO3/c1-3-5(7)4(2)6(8)9/h4H,3H2,1-2H3	C5H9NO3	476	-241.991529288797	""	CCC(=O)C(C)N(=O)=O	0.370000005	""	PubChem:(12745418 98165183 98165185);biological
JZHMMFMMAKFDRT	InChI=1S/C5H9NO3/c1-4(2)6-9-3-5(7)8/h3H2,1-2H3,(H,7,8)	C5H9NO3	477	-241.9973383526074	Isopropylidenaminyloxy-acetic Acid	CC(=NOCC(=O)O)C	0.405000001	""	PubChem:(79344 40510021)
GBIZAHKYJFGYQE	InChI=1S/C5H11NO4/c1-4(5(9)10)6(2-7)3-8/h4,7-8H,2-3H2,1H3,(H,9,10)	C5H11NO4	478	-242.23461200604865	""	CC(C(=O)O)N(CO)CO	-1.17299998	""	PubChem:(23422360)
AQCOZBGXACOSGK	InChI=1S/C5H9NO3/c1-3(4(6)7)5(8)9-2/h3H,1-2H3,(H2,6,7)	C5H9NO3	479	-242.338791492659	Propanoic acid, 3-amino-2-methyl-3-oxo-, methyl ester	CC(C(=N)O)C(=O)OC	0.061999999	""	PubChem:(13352039 53656246)
FNLKWBBIHAWYLI	InChI=1S/C5H9NO3/c7-5(6-8)4-1-2-9-3-4/h4,8H,1-3H2,(H,6,7)	C5H9NO3	480	-242.4783899251519	""	C1COCC1C(=NO)O	-0.179000005	""	PubChem:(53808574)
XQCJEIPJIOWMKD	InChI=1S/C5H11NO4/c1-3(5(9)10)6-2-4(7)8/h3-4,6-8H,2H2,1H3,(H,9,10)	C5H11NO4	481	-242.49590805718194	""	CC(C(=O)O)NCC(O)O	-1.51199996	""	PubChem:(20215332 87694911)
NXEHXLPXNGDPKZ	InChI=1S/C5H9NO3/c7-3-4-5(8)6-1-2-9-4/h4,7H,1-3H2,(H,6,8)	C5H9NO3	482	-242.50674754617714	""	C1COC(CO)C(=N1)O	-0.77700001	""	PubChem:(68311152)
JHWQDNUTTOUUKV	InChI=1S/C5H9NO3/c1-3(2-7)4(6)5(8)9/h2-4H,6H2,1H3,(H,8,9)	C5H9NO3	483	-242.559786377599	""	CC(C=O)C(C(=O)O)N	-3.0	""	PubChem:(55284684 55284685)
HETHGHFSYWRISL	InChI=1S/C5H11NO4/c1-6-4(5(7)8)2-3-10-9/h4,6,9H,2-3H2,1H3,(H,7,8)	C5H11NO4	484	-242.78979784150772	4-hydroperoxy-2-(methylamino)butanoic acid	CNC(CCOO)C(=O)O	-0.991999984	""	PubChem:(59881531)
WFHUFFFOZBCGHW	InChI=1S/C5H11NO4/c7-2-1-4(8)3-6-5(9)10/h4,6-8H,1-3H2,(H,9,10)	C5H11NO4	485	-242.91316332954605	""	C(CO)C(CNC(=O)O)O	-1.46300006	""	PubChem:(89907477)
VDIMOLBAGMOOAS	InChI=1S/C5H9NO3/c7-5(8)4-1-2-9-3-6-4/h4,6H,1-3H2,(H,7,8)	C5H9NO3	486	-242.9357166320265	1,3-oxazinane-4-carboxylic acid	C1COCNC1C(=O)O	-0.596000016	""	EcoCyc Mine;PubChem:(59548686 118685900 118686093);YMDB Mine;KEGG Mine
IYHNFMYMLHDBHH	InChI=1S/C5H11NO4/c1-3(8)4(2-7)6-5(9)10/h3-4,6-8H,2H2,1H3,(H,9,10)	C5H11NO4	487	-242.98435166027022	""	CC(C(CO)NC(=O)O)O	-1.36099994	""	PubChem:(87568081 87568082 117874846);KEGG Mine
WKBUUQVJNJMSLU	InChI=1S/C5H9NO3/c6-2-1-4(3-7)5(8)9/h1,7H,2-3,6H2,(H,8,9)	C5H9NO3	488	-243.1644284893268	""	C(=C(CO)C(=O)O)CN	-1.43499994	""	PubChem:(44378133 44378134)
RKFAISZQQXIHQU	InChI=1S/C5H9NO3/c1-3(4(2)7)5(8)6-9/h3,9H,1-2H3,(H,6,8)	C5H9NO3	489	-243.36096652923393	""	CC(C(=O)C)C(=NO)O	-0.157000005	""	PubChem:(45085388 93497714 93497715)
DQTLRNAGJTVOKJ	InChI=1S/C5H11NO4/c6-5(9)10-3-1-2-4(7)8/h4,7-8H,1-3H2,(H2,6,9)	C5H11NO4	490	-243.38719616726388	""	C(CC(O)O)COC(=N)O	-0.0309999995	""	PubChem:(87852922)
QWLJPXHINBFJNC	InChI=1S/C5H9NO3/c1-4(7)2-9-3-5(6)8/h2-3H2,1H3,(H2,6,8)	C5H9NO3	491	-243.50454648256178	""	CC(=O)COCC(=N)O	-0.545000017	""	PubChem:(45085381)
JUNOWSHJELIDQP	InChI=1S/C5H9NO3/c7-5(8)4-3-9-2-1-6-4/h4,6H,1-3H2,(H,7,8)	C5H9NO3	492	-243.5550237286353	ACMC-20agwb	C1COCC(C(=O)O)N1	-1.09099996	""	EcoCyc Mine;biological;PubChem:(1501894 3340152 12680089 40478899 40478900);YMDB Mine;KEGG Mine
ZSZOEPKBDKDJPX	InChI=1S/C5H9NO3/c1-8-3-6-5(7)4-2-9-4/h4H,2-3H2,1H3,(H,6,7)	C5H9NO3	493	-243.6157089294927	N-(methoxymethyl)oxirane-2-carboxamide	COCN=C(C1CO1)O	-0.550000012	""	PubChem:(18672927)
FDYOZWRNBFPSHL	InChI=1S/C5H9NO3/c1-2-5(7)3-4-9-6-8/h2-4H2,1H3	C5H9NO3	494	-243.6929177784008	""	CCC(=O)CCON=O	0.910000026	""	PubChem:(53794226)
VPLQBDWLIJHECC	InChI=1S/C5H11NO4/c7-5(8)3-1-2-4-10-6-9/h6,9H,1-4H2,(H,7,8)	C5H11NO4	495	-243.8715359148953	""	C(CCONO)CC(=O)O	0.130999997	""	PubChem:(54404122)
CDRDOOSILHCKQS	InChI=1S/C5H9NO3/c1-2-4(3-6)5(7,8)9/h4,7-9H,2H2,1H3	C5H9NO3	496	-243.9597327408072	""	CCC(C#N)C(O)(O)O	-1.09899998	""	PubChem:(57260640)
JQBQIRWFLBYUIY	InChI=1S/C5H9NO3/c6-5(3-8,4-9)1-2-7/h1,8-9H,3-4,6H2	C5H9NO3	497	-244.10801802979958	""	C(=C=O)C(CO)(CO)N	-0.654999971	""	PubChem:(90772493)
IPAMTHJNOMXFIK	InChI=1S/C5H9NO3/c1-2-3-6(4-7)5(8)9/h4H,2-3H2,1H3,(H,8,9)	C5H9NO3	498	-244.13350672796176	formyl(propyl)carbamic acid	CCCN(C=O)C(=O)O	0.697000027	""	PubChem:(21444738)
WWEWTBHIXCCTNP	InChI=1S/C5H9NO3/c7-5(8)4-1-2-6-3-9-4/h4,6H,1-3H2,(H,7,8)	C5H9NO3	499	-244.4827538017341	""	C1CNCOC1C(=O)O	-0.596000016	""	PubChem:(68731491)
GKFAPMBDQSJQTJ	InChI=1S/C5H9NO3/c1-4(6-8)3-5(7)9-2/h8H,3H2,1-2H3	C5H9NO3	500	-244.5415687968509	""	CC(=NO)CC(=O)OC	-0.0500000007	""	PubChem:(13351037)
SCRZTUGARSFZTL	InChI=1S/C5H9NO3/c1-9-4-5(8)6-2-3-7/h3H,2,4H2,1H3,(H,6,8)	C5H9NO3	501	-244.58064523014278	""	COCC(=NCC=O)O	-0.939999998	""	PubChem:(53899732)
NWUVKMCIKWOALD	InChI=1S/C5H11NO4/c1-2-6-3(4(7)8)5(9)10/h3-4,6-8H,2H2,1H3,(H,9,10)	C5H11NO4	502	-244.6870030222773	""	CCNC(C(O)O)C(=O)O	-1.51199996	""	KEGG Mine
TYFHGIZPKUTEQP	InChI=1S/C5H9NO3/c1-4(7)3-5(2)9-6-8/h5H,3H2,1-2H3	C5H9NO3	503	-244.97657303605993	Nitrous acid,1-methyl-3-oxobutyl ester	CC(=O)CC(C)ON=O	1.11699998	""	PubChem:(45085387)
DMTDYDUXDIQNLD	InChI=1S/C5H9NO3/c6-1-4-2-9-5(7)3-8-4/h4H,1-3,6H2	C5H9NO3	504	-245.22627997428938	""	C(C1COC(=O)CO1)N	-1.22599995	""	PubChem:(84648118)
NAVKZOVLAUIOML	InChI=1S/C5H9NO3/c1-4(2)6-9-8-5(3)7/h1-3H3	C5H9NO3	505	-245.26232268762155	""	CC(=NOOC(=O)C)C	0.893000007	""	PubChem:(88322694)
SBWNDXJEYCRPPD	InChI=1S/C5H9NO3/c1-5(7)9-4-2-3-6-8/h2-4H2,1H3	C5H9NO3	506	-245.39030667064716	""	CC(=O)OCCCN=O	0.218999997	""	PubChem:(87075168)
WYTNWBQSETYONJ	InChI=1S/C5H9NO3/c1-4(6-7)8-2-5-3-9-5/h4-5H,2-3H2,1H3	C5H9NO3	507	-245.53164935012788	""	CC(N=O)OCC1CO1	-0.0599999987	""	PubChem:(57074750)
ZTNJCANEKWRQIM	InChI=1S/C5H9NO3/c7-2-1-4-3-5(4)6(8)9/h4-5,7H,1-3H2	C5H9NO3	508	-245.69321753252999	""	C(CO)C1CC1N(=O)=O	-0.0900000036	""	PubChem:(68630705)
HTMCRAOPSMPUHS	InChI=1S/C5H9NO3/c1-5(6,2-3-7)4(8)9/h3H,2,6H2,1H3,(H,8,9)	C5H9NO3	509	-245.74487296297573	""	CC(CC=O)(C(=O)O)N	-3.18300009	""	PubChem:(87394237)
RUJZRPIQXVTWCD	InChI=1S/C5H11NO4/c7-2-1-6-5(9)10-4-3-8/h7-8H,1-4H2,(H,6,9)	C5H11NO4	510	-246.22340122752405	Thanol C 150	C(CO)N=C(O)OCCO	-1.11899996	""	PubChem:(82019)
RWROBTGRWHQDFF	InChI=1S/C5H9NO3/c1-5(2-7,3-8)6-4-9/h7-8H,2-3H2,1H3	C5H9NO3	511	-246.31662605578308	""	CC(CO)(CO)N=C=O	0.349000007	""	PubChem:(87118603)
GAAAYDLMXYCOKD	InChI=1S/C5H9NO3/c1-5(9-8)3-2-4(7)6-5/h8H,2-3H2,1H3,(H,6,7)	C5H9NO3	512	-246.3231732790883	""	CC1(CCC(=N1)O)OO	-0.202999994	""	PubChem:(119096593)
ZSXOZHQSPIMCLC	InChI=1S/C5H9NO3/c7-3-4-1-2-6-5(8)9-4/h4,7H,1-3H2,(H,6,8)	C5H9NO3	513	-246.34784707009408	""	C1CN=C(O)OC1CO	-0.224999994	""	PubChem:(117274592)
VROYEMOIQDSJEY	InChI=1S/C5H9NO3/c1-4(6-8)5(7)3-9-2/h4H,3H2,1-2H3	C5H9NO3	514	-246.54716126846066	""	CC(C(=O)COC)N=O	-0.753000021	""	PubChem:(54407239)
MLXGHJFGURMRSB	InChI=1S/C5H9NO3/c1-4(7)9-3-5(6)8-2/h6H,3H2,1-2H3	C5H9NO3	515	-246.7927524976536	""	CC(=O)OCC(=N)OC	0.349999994	""	PubChem:(118956429)
FEAHJUVUTDRLOU	InChI=1S/C5H9NO3/c1-3(7)2-4(8)5(6)9/h3,7H,2H2,1H3,(H2,6,9)	C5H9NO3	516	-246.88292021653828	""	CC(CC(=O)C(=O)N)O	-1.57299995	""	EcoCyc Mine;KEGG Mine
SYOIGABPTOWTOE	InChI=1S/C5H9NO3/c1-9-5(4(7)8)2-6-3-5/h6H,2-3H2,1H3,(H,7,8)	C5H9NO3	517	-247.08509385923654	""	COC1(CNC1)C(=O)O	-0.975000024	""	PubChem:(72208237)
ODBPMETXHBYAOT	InChI=1S/C5H9NO3/c7-4(5(8)9)6-2-1-3-6/h4,7H,1-3H2,(H,8,9)	C5H9NO3	518	-247.15126639122826	2-(azetidin-1-yl)-2-hydroxyacetic acid	C1CN(C1)C(C(=O)O)O	-0.875999987	""	PubChem:(22763587);biological
FQVWMXMEOIYZDZ	InChI=1S/C5H9NO3/c1-2-4(7)3-6-5(8)9/h6H,2-3H2,1H3,(H,8,9)	C5H9NO3	519	-247.25769179074265	""	CCC(=O)CNC(=O)O	-0.540000021	""	PubChem:(87278919)
JGBDKABTCAXMAW	InChI=1S/C5H11NO4/c7-2-1-5(10)6(3-8)4-9/h7-9H,1-4H2	C5H11NO4	520	-247.31761570022158	""	C(CO)C(=O)N(CO)CO	-2.171	""	PubChem:(88368447)
CXVWWFNLNGGJOO	InChI=1S/C5H13NO5/c7-3-1-6(2-4-8)5(9,10)11/h7-11H,1-4H2	C5H13NO5	521	-247.4793206594966	""	C(CO)N(CCO)C(O)(O)O	-3.03999996	""	PubChem:(10130138)
JSLJYIHELNVYTA	InChI=1S/C5H9NO3/c7-2-1-4-3-6-5(8)9-4/h4,7H,1-3H2,(H,6,8)	C5H9NO3	522	-247.5701617666633	5-(2-hydroxyethyl)-1,3-oxazolidin-2-one	C(CO)C1CN=C(O)O1	-0.224999994	""	PubChem:(19746120 55299962 57557957)
RCKSWBIMUAXHAT	InChI=1S/C5H9NO3/c6-9-4(5(7)8)3-1-2-3/h3-4H,1-2,6H2,(H,7,8)	C5H9NO3	523	-247.58828674572246	""	C1CC1C(C(=O)O)ON	-0.786000013	""	PubChem:(116284169 124670877 124670879)
QMMPASOLIAHGQB	InChI=1S/C5H9NO3/c6-9-3-5(1-2-5)4(7)8/h1-3,6H2,(H,7,8)	C5H9NO3	524	-247.69814868266192	""	C1CC1(CON)C(=O)O	-1.31500006	""	PubChem:(105427573)
HUUZPGKKWZSEAB	InChI=1S/C5H11NO4/c1-3(7)10-2-4(6)5(8)9/h3-4,7H,2,6H2,1H3,(H,8,9)	C5H11NO4	525	-247.81100984347864	""	CC(O)OCC(C(=O)O)N	-3.54900002	""	PubChem:(55285079)
VZSNIYFGKCVGST	InChI=1S/C5H9NO3/c1-4(5(7)8)2-3-6-9/h2,6,9H,3H2,1H3,(H,7,8)	C5H9NO3	526	-247.8974569006651	""	CC(=CCNO)C(=O)O	-0.061999999	""	PubChem:(103282715)
IWZPNMNTVFKFOH	InChI=1S/C5H9NO3/c7-5(3-6(8)9)4-1-2-4/h4-5,7H,1-3H2	C5H9NO3	527	-247.95166627607816	1-cyclopropyl-2-nitroethanol	C1CC1C(CN(=O)=O)O	-0.263999999	""	PubChem:(19369320 86335451 86335452)
MNUXBOINOHRRST	InChI=1S/C5H9NO3/c1-3-5(4(2)7)6(8)9/h5H,3H2,1-2H3	C5H9NO3	528	-248.0241016177953	3-nitro-2-pentanone	CCC(C(=O)C)N(=O)=O	0.474999994	""	PubChem:(12492755 45085383);biological
MBTCHRYJAUXRBP	InChI=1S/C5H11NO4/c1-2-10-4(7)5(8,9)3-6/h8-9H,2-3,6H2,1H3	C5H11NO4	529	-248.0581290905797	""	CCOC(=O)C(CN)(O)O	-1.93099999	""	PubChem:(71774737)
DVOSRLSVEOCANS	InChI=1S/C5H11NO4/c7-4-2-1-3-5-10-6(8)9/h7H,1-5H2	C5H11NO4	530	-248.0613658448355	""	C(CCO)CCON(=O)=O	0.818000019	""	PubChem:(10240963)
UJIKOAVQZGYYBB	InChI=1S/C5H9NO3/c7-3-4(8)5-6-1-2-9-5/h5-7H,1-3H2	C5H9NO3	531	-248.20094826599234	2-hydroxy-1-(1,3-oxazolidin-2-yl)ethanone	C1COC(C(=O)CO)N1	-1.29700005	""	PubChem:(20524023)
HNQAITUJIRPZMH	InChI=1S/C5H9NO3/c1-2-9-6-4-3-5(7)8/h4H,2-3H2,1H3,(H,7,8)	C5H9NO3	532	-248.37940782356205	""	CCON=CCC(=O)O	0.796000004	""	PubChem:(55302897)
UVSPVEYCSVXYBB	InChI=1S/C5H9NO3/c1-2-9-5(8)3-4(6)7/h2-3H2,1H3,(H2,6,7)	C5H9NO3	533	-248.45563489755548	Ethyl carbamoylacetate	CCOC(=O)CC(=N)O	0.270999998	""	PubChem:(238112 21977522);Natural Products:(UNPD83401)
YIUXTUCUJCZCJU	InChI=1S/C5H9NO3/c1-5(8)6-2-3-9-4-7/h4H,2-3H2,1H3,(H,6,8)	C5H9NO3	534	-248.57326718336972	""	CC(=NCCOC=O)O	-0.0769999996	""	PubChem:(54057554)
XAHSKFJCTPDDNO	InChI=1S/C5H9NO3/c1-3-5(8)4(7)2-6-9-3/h2-5,7-8H,1H3	C5H9NO3	535	-248.69885320009544	""	CC1C(C(C=NO1)O)O	0.245000005	""	PubChem:(53473433)
SDPIMMFNSSNIJI	InChI=1S/C5H9NO3/c1-7-5(4-6,8-2)9-3/h1-3H3	C5H9NO3	536	-248.73377648721856	Acetonitrile, trimethoxy-	COC(C#N)(OC)OC	-0.802999973	""	PubChem:(12586557)
LTNRJUDZKFOCFJ	InChI=1S/C5H9NO3/c1-2-3-5(7)4-6(8)9/h2-4H2,1H3	C5H9NO3	537	-248.83127076292428	2-Pentanone, 1-nitro-	CCCC(=O)CN(=O)=O	1.12	""	PubChem:(21447407)
DAVLYBVWWHSLSU	InChI=1S/C5H11NO4/c1-3(4(7)8)6-5(9)10-2/h3-4,7-8H,1-2H3,(H,6,9)	C5H11NO4	538	-249.0569806295646	""	CC(C(O)O)N=C(O)OC	-0.419	""	PubChem:(90875986)
KHCGJPWJQOLHMK	InChI=1S/C5H9NO3/c1-3-4(5(7)8)6-2-9-3/h3-4,6H,2H2,1H3,(H,7,8)	C5H9NO3	539	-249.0633375926293	4-Oxazolidinecarboxylic acid, 5-methyl-	CC1C(C(=O)O)NCO1	-0.493999988	""	PubChem:(21701159 53994447 55286152 129315035)
OFNUYFGVQZCLFG	InChI=1S/C5H9NO3/c7-5(8)4-2-1-3-6(4)9/h4,6H,1-3H2,(H,7,8)	C5H9NO3	540	-249.24773918956282	""	C1CC(C(=O)O)N(=O)C1	-0.612999976	""	PubChem:(87186231 117780533)
DSKKPLSYZLTKBE	InChI=1S/C5H9NO3/c1-3-4(2-7)6-5(8)9-3/h3-4,7H,2H2,1H3,(H,6,8)	C5H9NO3	541	-249.25921136010686	(4R,5R)-4-(hydroxymethyl)-5-methyl-1,3-oxazolidin-2-one	CC1C(CO)N=C(O)O1	-0.057	""	PubChem:(13567483 13567484 55303436 118414399)
RJEOWSBGQOAWGI	InChI=1S/C5H9NO3/c6-1-4-2-8-3-5(7)9-4/h4H,1-3,6H2	C5H9NO3	542	-249.40613869953964	""	C(C1COCC(=O)O1)N	-1.22599995	""	PubChem:(84648119)
MKFFYSXIRQMYKC	InChI=1S/C5H9NO3/c7-4-2-1-3-6-5(8)9/h4,6H,1-3H2,(H,8,9)/p-1	C5H9NO3	543	-249.71712711380147	N-(4-oxobutyl)carbamate	C(CC=O)CNC(=O)O	-0.128000006	""	PubChem:(18436941 18436942);YMDB Mine;KEGG Mine
DPLVQMYCBZYVFE	InChI=1S/C5H9NO3/c1-5(2-9-5)3(6)4(7)8/h3H,2,6H2,1H3,(H,7,8)	C5H9NO3	544	-249.72150183140332	""	CC1(CO1)C(C(=O)O)N	-3.19300008	""	PubChem:(102174936)
KKQDZPSSNPOYJT	InChI=1S/C5H9NO3/c1-8-6-5(7)4-2-3-9-4/h4H,2-3H2,1H3,(H,6,7)	C5H9NO3	545	-249.86360595710832	""	CON=C(C1CCO1)O	0.490999997	""	PubChem:(126992809)
YDHZLPVRKHBLIV	InChI=1S/C5H9NO3/c6-4(7)5(8)1-2-9-3-5/h8H,1-3H2,(H2,6,7)	C5H9NO3	546	-250.03165675195186	""	C1COCC1(C(=N)O)O	-0.963	""	PubChem:(63333092)
KCOQSVNRLSLZBW	InChI=1S/C5H9NO3/c1-6(2)5(9)4(8)3-7/h7H,3H2,1-2H3	C5H9NO3	547	-250.08499026894802	""	CN(C)C(=O)C(=O)CO	-1.53100002	""	PubChem:(88114820)
SNSQQKZPUGHVFB	InChI=1S/C5H11NO4/c1-9-4(2-7)3-10-5(6)8/h4,7H,2-3H2,1H3,(H2,6,8)	C5H11NO4	548	-250.52072429856608	""	COC(CO)COC(=N)O	-0.36500001	""	PubChem:(18999976)
WWRYQNBPQMUBDB	InChI=1S/C5H9NO3/c1-2-4(8)6-5(9)3-7/h7H,2-3H2,1H3,(H,6,8,9)	C5H9NO3	549	-250.85753807787822	""	CCC(=NC(=O)CO)O	-0.546000004	""	PubChem:(88005875)
KLLLRSBWNKVLPG	InChI=1S/C5H9NO3/c1-8-5(7)6-2-4-3-9-4/h4H,2-3H2,1H3,(H,6,7)	C5H9NO3	550	-250.9787029675132	""	COC(=NCC1CO1)O	-0.064000003	""	PubChem:(54000810 76091391)
RHWXCMAIYYJCIE	InChI=1S/C5H11NO4/c1-5(9,10)3(2-6)4(7)8/h3,9-10H,2,6H2,1H3,(H,7,8)	C5H11NO4	551	-251.08684399026868	""	CC(C(CN)C(=O)O)(O)O	-1.98300004	""	PubChem:(88354686)
FGMPLJWBKKVCDB	InChI=1S/C5H9NO3/c7-5(8)4-2-1-3-6(4)9/h4,9H,1-3H2,(H,7,8)	C5H9NO3	552	-251.270367014024	N-Hydroxyproline	C1CC(C(=O)O)N(C1)O	-0.405000001	""	PubChem:(269023 22795248 53798150);biological;Natural Products:(UNPD162847)
GXAIHQAZJJSEKI	InChI=1S/C5H9NO3/c7-5(8)1-6-4-2-9-3-4/h4,6H,1-3H2,(H,7,8)	C5H9NO3	553	-251.2759208291539	""	C(C(=O)O)NC1COC1	-1.15699995	""	PubChem:(68281505);biological
STYTXJBJCAJHAV	InChI=1S/C5H9NO3/c1-5(6(8)9)3-2-4-7/h4-5H,2-3H2,1H3	C5H9NO3	554	-251.31288675492132	Pentanal, 4-nitro-	CC(CCC=O)N(=O)=O	0.615999997	""	PubChem:(11083918)
HBYUYCJYSZHTTE	InChI=1S/C5H9NO3/c1-5(2,4(8)9)6-3-7/h3H,1-2H3,(H,6,7)(H,8,9)	C5H9NO3	555	-251.35271704847284	Alanine, N-formyl-2-methyl- (6CI,9CI)	CC(C)(C(=O)O)N=CO	0.0759999976	""	PubChem:(15683540)
GWCHOHSYSSCYQV	InChI=1S/C5H9NO3/c7-6-3-5-1-2-8-9-4-5/h5H,1-4H2	C5H9NO3	556	-251.3650033953427	""	C1COOCC1CN=O	0.145999998	""	PubChem:(124030405)
WGQRLBPROTZKIS	InChI=1S/C5H9NO3/c1-2-3-4-5(7)9-6-8/h2-4H2,1H3	C5H9NO3	557	-251.40829974563954	""	CCCCC(=O)ON=O	2.11299992	""	PubChem:(123653868)
YLAIHMHSQBYRRT	InChI=1S/C5H9NO3/c1-3-8-5(9-3)4(7)6-2/h3,5H,1-2H3,(H,6,7)	C5H9NO3	558	-251.42597914263473	""	CC1OC(C(=NC)O)O1	0.213	""	PubChem:(68030671)
WIIQLVOLTBPZMP	InChI=1S/C5H9NO3/c1-3-4(5(7)8)6-9-2/h3H2,1-2H3,(H,7,8)	C5H9NO3	559	-251.62338865451252	""	CCC(=NOC)C(=O)O	0.665000021	""	PubChem:(55301373 76225719)
PILOXMLPDYKSIB	InChI=1S/C5H9NO3/c6-5(7)4-1-2-8-3-9-4/h4H,1-3H2,(H2,6,7)	C5H9NO3	560	-251.74088343287676	""	C1COCOC1C(=N)O	0.00600000005	""	PubChem:(54190934)
GXOHODLKMDCBFO	InChI=1S/C5H9NO3/c1-4(6-8)3-9-5(2)7/h4H,3H2,1-2H3	C5H9NO3	561	-251.7484342964913	""	CC(COC(=O)C)N=O	0.386999995	""	PubChem:(57264004)
UHFDOCVDYNZJRM	InChI=1S/C5H9NO3/c1-5(8)6-4-9-3-2-7/h2H,3-4H2,1H3,(H,6,8)	C5H9NO3	562	-251.76451238965032	""	CC(=NCOCC=O)O	-0.128999993	""	YMDB Mine;KEGG Mine
YTNFROPPHNTJOC	InChI=1S/C5H9NO3/c1-6(2)4(3-7)5(8)9/h3-4H,1-2H3,(H,8,9)	C5H9NO3	563	-251.89417512038816	""	CN(C)C(C=O)C(=O)O	-0.31400001	""	PubChem:(87201312)
BPNVKPVZODONBS	InChI=1S/C5H9NO3/c6-4(8)9-5(3-7)1-2-5/h7H,1-3H2,(H2,6,8)	C5H9NO3	564	-251.9859133798573	""	C1CC1(CO)OC(=N)O	0.324999988	""	PubChem:(68806388)
BQBQEWRULVCHSO	InChI=1S/C5H9NO3/c1-4(7)3-6-5(8)9-2/h3H2,1-2H3,(H,6,8)	C5H9NO3	565	-252.29704365055537	methyl N-(2-oxopropyl)carbamate	CC(=O)CN=C(O)OC	-0.400000006	""	PubChem:(22319420)
ZDZLNZGCEZMNAO	InChI=1S/C5H9NO3/c7-3-1-6-2-4(8)5(3)9/h3,6-9H,1-2H2	C5H9NO3	566	-252.73409749960624	""	C1C(C(=C(CN1)O)O)O	0.495999992	""	EcoCyc Mine
ZYPURMSVAFFPGG	InChI=1S/C5H9NO3/c1-4(3-6)2-5(7,8)9/h4,7-9H,2H2,1H3	C5H9NO3	567	-252.84718349527375	""	CC(CC(O)(O)O)C#N	-1.30999994	""	PubChem:(54572980)
ZVDFNDREUKDIFN	InChI=1S/C5H11NO4/c1-3(6)5(9)10-2-4(7)8/h3-4,7-8H,2,6H2,1H3	C5H11NO4	568	-252.88714514433627	""	CC(C(=O)OCC(O)O)N	-1.58099997	""	PubChem:(87863955)
DELAPJQELUUBCN	InChI=1S/C5H9NO3/c1-2-3-4(9-6)5(7)8/h2,4H,1,3,6H2,(H,7,8)	C5H9NO3	569	-253.30618948036133	""	C=CCC(C(=O)O)ON	-0.540000021	""	PubChem:(88688457)
YFZZKSWIGVFCAL	InChI=1S/C5H11NO4/c6-9-3-4-2-8-5(1-7)10-4/h4-5,7H,1-3,6H2	C5H11NO4	570	-253.51772984513923	""	C(C1OCC(CON)O1)O	-2.09699988	""	PubChem:(122532352)
NGSUSCJBVJPDRE	InChI=1S/C5H9NO3/c6-5(7)4-1-8-3-9-2-4/h4H,1-3H2,(H2,6,7)	C5H9NO3	571	-253.5198552623567	""	C1C(COCO1)C(=N)O	-0.426999986	""	PubChem:(66584632)
YDFDKNAAOFCYJR	InChI=1S/C5H9NO3/c1-2-3-5(8,9)6-4-7/h8-9H,2-3H2,1H3	C5H9NO3	572	-253.63461898134327	""	CCCC(N=C=O)(O)O	1.54999995	""	PubChem:(54502203)
QSQGQEWFLZFFFA	InChI=1S/C5H9NO3/c6-9-5(7)4-2-1-3-8-4/h4H,1-3,6H2	C5H9NO3	573	-253.6399630313872	""	C1CC(C(=O)ON)OC1	-1.04799998	""	PubChem:(57155499)
INCDOCXYDHEGIP	InChI=1S/C5H9NO3/c1-4(7)8-5-2-3-6-9-5/h5-6H,2-3H2,1H3	C5H9NO3	574	-254.06699367831177	""	CC(=O)OC1CCNO1	0.546999991	""	PubChem:(90717822);biological
FOZFFPQXTKMUFZ	InChI=1S/C5H11NO4/c1-4(6)2-3-9-10-5(7)8/h4H,2-3,6H2,1H3,(H,7,8)	C5H11NO4	575	-254.18680389781406	""	CC(CCOOC(=O)O)N	-0.0920000002	""	PubChem:(57171102)
NMWGUQKHSNZJAZ	InChI=1S/C5H9NO3/c1-2-3-4(7)5(8)6-9/h9H,2-3H2,1H3,(H,6,8)	C5H9NO3	576	-254.19277531560053	N-hydroxy-2-oxopentanamide	CCCC(=O)C(=O)NO	-0.252000004	""	PubChem:(22344983)
BCGGGYPDAARXDJ	InChI=1S/C5H9NO3/c1-4(6-9-3)5(7)8-2/h1-3H3	C5H9NO3	577	-254.3102929417993	methyl (2Z)-2-methoxyiminopropanoate	CC(=NOC)C(=O)OC	0.73299998	""	PubChem:(582954 5371809 9602966)
HWFPASWFUFAUDL	InChI=1S/C5H11NO4/c1-4(7)5(2,8)3-6(9)10/h4,7-8H,3H2,1-2H3	C5H11NO4	578	-254.43891592786585	2,3-Butanediol, 2-methyl-1-nitro-	CC(C(C)(CN(=O)=O)O)O	-0.833999991	""	PubChem:(11528363)
UTPMWAHVXSSSPU	InChI=1S/C5H9NO3/c7-3-5(4-8)1-2-6-9-5/h2,7-8H,1,3-4H2	C5H9NO3	579	-254.61439568669118	[5-(hydroxymethyl)-4H-1,2-oxazol-5-yl]methanol	C1C=NOC1(CO)CO	-0.595000029	""	PubChem:(22227100)
WTLSFSDJEARDGF	InChI=1S/C5H9NO3/c1-8-3-2-9-5(7)4(3)6/h3-4H,2,6H2,1H3	C5H9NO3	580	-254.68929130870183	3-amino-4-methoxyoxolan-2-one	COC1COC(=O)C1N	-0.694000006	""	PubChem:(17911820)
NVMFOBOQRSOGRR	InChI=1S/C5H9NO3/c1-2-4(6-9)3-5(7)8/h2,4-5,7-8H,1,3H2	C5H9NO3	581	-254.76037989640818	""	C=CC(CC(O)O)N=O	-0.575999975	""	PubChem:(87276559)
FZNLVZXVWSAILK	InChI=1S/C5H9NO3/c1-8-5-3(6)2-4(7)9-5/h3,5H,2,6H2,1H3	C5H9NO3	582	-254.85470876478183	4-amino-5-methoxyoxolan-2-one	COC1C(CC(=O)O1)N	-0.893999994	""	PubChem:(59957208 70334192)
DOJUZCVECUIHPV	InChI=1S/C5H9NO3/c1-3-6-4(2-9-3)5(7)8/h3-4,6H,2H2,1H3,(H,7,8)	C5H9NO3	583	-254.9507049807523	""	CC1NC(CO1)C(=O)O	-0.493999988	""	PubChem:(24804855)
MIEWQVPNBYSYLQ	InChI=1S/C5H9NO3/c7-3-1-2-6-5(9)4-8/h4,7H,1-3H2,(H,6,9)	C5H9NO3	584	-255.0079410032735	""	C(CNC(=O)C=O)CO	-1.16799998	""	PubChem:(89336116)
KYDSOAPAUHBRTH	InChI=1S/C5H9NO3/c6-4(7)5-8-2-1-3-9-5/h5H,1-3H2,(H2,6,7)	C5H9NO3	585	-255.01618888630028	""	C1COC(C(=N)O)OC1	0.00600000005	""	PubChem:(57472162)
QQLCBPIDPYBNFN	InChI=1S/C5H9NO3/c7-3-4-1-2-5(8)6(4)9/h4,7,9H,1-3H2	C5H9NO3	586	-255.09031321797755	1-hydroxy-5-(hydroxymethyl)pyrrolidin-2-one	C1CC(=O)N(C1CO)O	-0.670000017	""	PubChem:(20622970 59926748 59926979)
MFFDTXZGBRTXOO	InChI=1S/C5H9NO3/c1-4(3-7)6-5(8)9-2/h3-4H,1-2H3,(H,6,8)	C5H9NO3	587	-255.3597298400172	""	CC(C=O)N=C(O)OC	0.382999986	""	PubChem:(10678272 14264583 54492875)
WSZPYJYHSUKXKF	InChI=1S/C5H9NO3/c1-2-5(8)9-3-4(6)7/h2-3H2,1H3,(H2,6,7)	C5H9NO3	588	-255.51099772221679	(2-amino-2-oxoethyl) propanoate	CCC(=O)OCC(=N)O	0.282000005	""	PubChem:(20283376)
IKYLQMFDQCKDIK	InChI=1S/C5H9NO3/c7-4-9-6-2-1-5(8)3-6/h4-5,8H,1-3H2	C5H9NO3	589	-255.5293065477579	""	C1CN(CC1O)OC=O	-1.12	""	PubChem:(122636065 122636066)
ZBNFEEJZBWMELQ	InChI=1S/C5H9NO3/c1-4(7)3-9-5(2)6-8/h5H,3H2,1-2H3	C5H9NO3	590	-255.53832133969567	""	CC(=O)COC(C)N=O	-0.0500000007	""	PubChem:(57092235)
AJEZXQNUOWEYOP	InChI=1S/C5H9NO3/c1-3-4(7)9-5(8)6-2/h3H2,1-2H3,(H,6,8)	C5H9NO3	591	-255.79314858529725	""	CCC(=O)OC(=NC)O	0.588	""	PubChem:(90230559)
OBWKKAMDZVNEQI	InChI=1S/C5H11NO4/c6-5(9,10)3-1-2-4(7)8/h9-10H,1-3,6H2,(H,7,8)	C5H11NO4	592	-255.95090864051406	""	C(CC(=O)O)CC(N)(O)O	-1.42299998	""	PubChem:(87789684)
BBZRDZROKJZWKN	InChI=1S/C5H11NO4/c6-10-5(9)3-1-2-4(7)8/h4,7-8H,1-3,6H2	C5H11NO4	593	-256.02257162568753	""	C(CC(O)O)CC(=O)ON	-1.83700001	""	PubChem:(88354687)
UHKNTOATVRKFEE	InChI=1S/C5H9NO3/c1-3-6-5(8)9-4(2)7/h3H2,1-2H3,(H,6,8)	C5H9NO3	594	-256.03887657047807	""	CCN=C(O)OC(=O)C	0.592000008	""	PubChem:(57215599)
KEYMEAVBZIDVPH	InChI=1S/C5H11NO4/c1-9-4-10-5(3-7)2-6-8/h5,7H,2-4H2,1H3	C5H11NO4	595	-256.22329449792124	""	COCOC(CN=O)CO	-1.08500004	""	PubChem:(121275568)
SXKNNOQBAZPKHN	InChI=1S/C5H9NO3/c1-3-9-6-4(2)5(7)8/h3H2,1-2H3,(H,7,8)	C5H9NO3	596	-256.248185486916	Propanoic acid, 2-(ethoxyimino)-	CCON=C(C)C(=O)O	0.834999979	""	PubChem:(13210059 54329626 55298228 102422789)
BBQOKNPQXAYHQS	InChI=1S/C5H9NO3/c1-8-5(7)4-2-6-3-9-4/h4,6H,2-3H2,1H3	C5H9NO3	597	-256.393019966305	""	COC(=O)C1CNCO1	-0.203999996	""	PubChem:(69947845)
DLCDSTDYZBMECY	InChI=1S/C5H9NO3/c6-5(9)2-1-4(8)3-7/h1-2,4,7-8H,3H2,(H2,6,9)	C5H9NO3	598	-256.4632344248908	""	C(=CC(=N)O)C(CO)O	-0.712000012	""	PubChem:(87133471);biological
YCJJXWIRBDXURV	InChI=1S/C5H9NO3/c1-4(6-8)5(7)3-9-2/h8H,3H2,1-2H3	C5H9NO3	599	-256.81074203521393	(3Z)-3-hydroxyimino-1-methoxybutan-2-one	CC(=NO)C(=O)COC	-0.43900001	""	PubChem:(20496528 73680120)
AMZUWXCQJHGMAZ	InChI=1S/C5H9NO3/c1-2-3-5(4(7)8)6-9-5/h6H,2-3H2,1H3,(H,7,8)	C5H9NO3	600	-257.0990947507076	""	CCCC1(C(=O)O)NO1	0.643000007	""	PubChem:(53651549)
NEJGJDRGDXBKGD	InChI=1S/C5H9NO3/c7-6(8)5-1-3-9-4-2-5/h5H,1-4H2	C5H9NO3	601	-257.19333449150105	4-nitrooxane	C1COCCC1N(=O)=O	0.196999997	""	PubChem:(53346564)
XNRZZDYCLKVNLE	InChI=1S/C5H9NO3/c7-6(8)3-1-2-5-4-9-5/h5H,1-4H2	C5H9NO3	602	-257.35934673837676	""	C(CC1CO1)CN(=O)=O	0.023	""	PubChem:(101083340)
DDBCVXXAMXPHKF	InChI=1S/C5H9NO3/c7-6(8)9-5-3-1-2-4-5/h5H,1-4H2	C5H9NO3	603	-257.39465421606735	Cyclopentyl nitrate	C1CCC(C1)ON(=O)=O	1.71200001	""	PubChem:(534255)
RYZPFRUIQKPASF	InChI=1S/C5H9NO3/c1-4(5(8)9)6(2)3-7/h3-4H,1-2H3,(H,8,9)	C5H9NO3	604	-257.5112235672532	DL-Alanine, N-formyl-N-methyl-	CC(C(=O)O)N(C)C=O	-0.476000011	""	PubChem:(23279436 45087478 58974594 129013002)
SVSWJSUDUWAMGX	InChI=1S/C5H9NO3/c1-4(6-3-7)5(8)9-2/h3-4H,1-2H3,(H,6,7)	C5H9NO3	605	-257.6438494745151	Formyl-L-alanine methyl ester	CC(C(=O)OC)N=CO	-0.116999999	""	PubChem:(7021436 10307863 11651157 90910697)
TVOJSQMFMUCIIH	InChI=1S/C5H9NO3/c1-8-2-3-9-5(6)4-7/h4,6H,2-3H2,1H3	C5H9NO3	606	-258.35217303194634	""	COCCOC(=N)C=O	-0.0700000003	""	PubChem:(90815572)
WABGTVGFKZMVDD	InChI=1S/C5H9NO3/c1-6(2-3-7)4-5(8)9/h3H,2,4H2,1H3,(H,8,9)	C5H9NO3	607	-258.8446353656204	""	CN(CC=O)CC(=O)O	-0.759000003	""	PubChem:(53771129)
NDIKBLRAVIQLHB	InChI=1S/C5H9NO3/c6-2-1-4(3-7)5(8)9/h1-2,4,7H,3,6H2,(H,8,9)	C5H9NO3	608	-259.0128684452001	""	C(=CN)C(CO)C(=O)O	-1.31200004	""	PubChem:(88555427)
IMSCNLCLFPAQSE	InChI=1S/C5H9NO3/c1-2-5(7)9-8-4-3-6/h2H,1,3-4,6H2	C5H9NO3	609	-259.0233146149034	""	C=CC(=O)OOCCN	-0.467999995	""	PubChem:(87843033)
MAIXEXQNYYJHMP	InChI=1S/C5H9NO3/c6-9-5(7)4-1-2-8-3-4/h4H,1-3,6H2	C5H9NO3	610	-259.1127076419008	""	C1COCC1C(=O)ON	-1.48099995	""	PubChem:(45089098 93500582 93500583)
YIZXXSRITLMYTD	InChI=1S/C5H9NO3/c7-4(8)6-3-5(9)1-2-5/h6,9H,1-3H2,(H,7,8)	C5H9NO3	611	-259.26055448995317	""	C1CC1(CNC(=O)O)O	-0.611999989	""	PubChem:(67998240)
RJQUUMIXYYKHQG	InChI=1S/C5H11NO4/c1-2-5(3-4-7)10-6(8)9/h5,7H,2-4H2,1H3	C5H11NO4	612	-259.4649968769258	""	CCC(CCO)ON(=O)=O	0.920000017	""	PubChem:(89239776)
HLELTZZXZVNOGS	InChI=1S/C5H9NO3/c6-4-3(1-7)2-9-5(4)8/h3-4,7H,1-2,6H2	C5H9NO3	613	-259.5955533089768	""	C(C1COC(=O)C1N)O	-0.588999987	""	PubChem:(12464375)
AIIRPYLDRNUKEW	InChI=1S/C5H11NO4/c1-10-4(9)5(6,2-7)3-8/h7-8H,2-3,6H2,1H3	C5H11NO4	614	-259.8207347287511	""	COC(=O)C(CO)(CO)N	-2.49099994	""	KEGG Mine
USWPVFZGLZYFAM	InChI=1S/C5H9NO3/c6-5(8)9-4-2-1-3-7/h2,4,7H,1,3H2,(H2,6,8)	C5H9NO3	615	-259.8775889104021	""	C(C=COC(=N)O)CO	0.384000003	""	PubChem:(57212248 87457869)
GROIZFGOAFTUNT	InChI=1S/C5H9NO3/c1-9-5(7)3-2-4-6-8/h4,8H,2-3H2,1H3	C5H9NO3	616	-259.9102573543054	""	COC(=O)CCC=NO	0.268000007	""	PubChem:(88465643)
AJXJNUGVVGFYHO	InChI=1S/C5H9NO3/c1-4(6(7)8)5-2-3-9-5/h4-5H,2-3H2,1H3	C5H9NO3	617	-260.4594614976051	""	CC(C1CCO1)N(=O)=O	0.298999995	""	PubChem:(69734232)
FLMPAGVHYFXSAP	InChI=1S/C5H11NO4/c1-6-5(7)10-9-4-3-8-2/h3-4H2,1-2H3,(H,6,7)	C5H11NO4	618	-260.56132531723125	2-methoxyethyl N-methylcarbamoperoxoate	CN=C(O)OOCCOC	0.0500000007	""	PubChem:(20441846)
OUSZNNRVYTUWJJ	InChI=1S/C5H9NO3/c1-2-3-6-9-4-5(7)8/h2,6H,1,3-4H2,(H,7,8)	C5H9NO3	619	-261.0751648077149	""	C=CCNOCC(=O)O	0.361999989	""	PubChem:(88107929)
LUFGQQJTLIAFBC	InChI=1S/C5H9NO3/c1-6-5(7)9-3-4-2-8-4/h4H,2-3H2,1H3,(H,6,7)	C5H9NO3	620	-261.1004109840559	oxiran-2-ylmethyl N-methylcarbamate	CN=C(O)OCC1CO1	0.101999998	""	PubChem:(19812629)
UFHDPILVNGJPSW	InChI=1S/C5H9NO3/c1-6-4(7)5-8-2-3-9-5/h5H,2-3H2,1H3,(H,6,7)	C5H9NO3	621	-261.23425126326435	""	CN=C(C1OCCO1)O	-0.384000003	""	PubChem:(23534455)
YPTPNMCREPKNMG	InChI=1S/C5H9NO3/c7-6(8)4-5-2-1-3-9-5/h5H,1-4H2	C5H9NO3	622	-261.2885989460671	""	C1CC(CN(=O)=O)OC1	0.023	""	PubChem:(67684223)
PKKWQESAANWVHP	InChI=1S/C5H11NO4/c1-5(2-7,3-8)4(9)10-6/h7-8H,2-3,6H2,1H3	C5H11NO4	623	-261.31115872781703	""	CC(CO)(CO)C(=O)ON	-2.6559999	""	PubChem:(118112446)
CZIGSERRHGUICO	InChI=1S/C5H9NO3/c1-6-3-2-4(7)9-5(3)8/h3,5-6,8H,2H2,1H3	C5H9NO3	624	-261.4602475202772	5-hydroxy-4-(methylamino)oxolan-2-one	CNC1CC(=O)OC1O	-0.593999982	""	PubChem:(59730947 88985077)
VTPWKXFAOXBZQB	InChI=1S/C5H9NO3/c6-5(7)3-9-4-1-8-2-4/h4H,1-3H2,(H2,6,7)	C5H9NO3	625	-261.60458136738464	""	C1C(CO1)OCC(=N)O	-0.555000007	""	PubChem:(121601247)
DLQOVVYSRWLNRD	InChI=1S/C5H9NO3/c1-6-5(8)9-4-2-3-7/h3H,2,4H2,1H3,(H,6,8)	C5H9NO3	626	-261.89407731759076	""	CN=C(O)OCCC=O	0.419	""	PubChem:(124015783)
XPSZILAWCRPMER	InChI=1S/C5H11NO4/c1-3(2-7)4(6-10)5(8)9/h3-4,6-7,10H,2H2,1H3,(H,8,9)	C5H11NO4	627	-261.9357332507611	""	CC(CO)C(C(=O)O)NO	-0.799000025	""	KEGG Mine
YQYNJMJWZPMYDW	InChI=1S/C5H9NO3/c1-5(2,3-6-9)4(7)8/h3,9H,1-2H3,(H,7,8)	C5H9NO3	628	-262.0773018331996	""	CC(C)(C=NO)C(=O)O	0.702000022	""	PubChem:(88616607)
XPFRDXUMLSCQJN	InChI=1S/C5H9NO3/c1-9-5(8)3-2-4(7)6-3/h3-4,6-7H,2H2,1H3	C5H9NO3	629	-262.10037032838727	""	COC(=O)C1CC(N1)O	-0.757000029	""	PubChem:(12039820 101428239)
QCNATMKHGFPIMJ	InChI=1S/C5H9NO3/c1-4(7)2-3-9-5(6)8/h2-3H2,1H3,(H2,6,8)	C5H9NO3	630	-262.13372445354696	""	CC(=O)CCOC(=N)O	0.301999986	""	PubChem:(126697232)
JCQOBZUDZMVZDM	InChI=1S/C5H11NO4/c1-2(6)3(7)4(8)5(9)10/h3-5,7-10H,1,6H2	C5H11NO4	631	-262.2866010323563	""	C=C(C(C(C(O)O)O)O)N	-2.52200007	""	PubChem:(87459098)
JNKCXIWJIVUIMN	InChI=1S/C5H9NO3/c7-4(8)5(9)2-1-3-6-5/h6,9H,1-3H2,(H,7,8)	C5H9NO3	632	-262.41911975972744	(2S)-2-hydroxypyrrolidine-2-carboxylic acid	C1CC(C(=O)O)(NC1)O	-1.07000005	""	PubChem:(10197711 14213610 14213611);biological
RFHIQWLXCQTJDN	InChI=1S/C5H9NO3/c1-2-3-6-9-4-5(7)8/h3H,2,4H2,1H3,(H,7,8)	C5H9NO3	633	-262.4287668403336	""	CCC=NOCC(=O)O	0.806999981	""	PubChem:(122579522)
AJQQFAMUXNUDHO	InChI=1S/C5H9NO3/c1-5(3-9-5)4(7)2-6-8/h6,8H,2-3H2,1H3	C5H9NO3	634	-262.4845327704534	""	CC1(CO1)C(=O)CNO	-1.09800005	""	PubChem:(89202968)
DCLUYBJFOISUQW	InChI=1S/C5H9NO3/c7-5(8)4-6-2-1-3-9-6/h1-4H2,(H,7,8)	C5H9NO3	635	-262.61590220506395	""	C1CN(CC(=O)O)OC1	-0.699999988	""	PubChem:(84048260)
WWMDCAHXGHHBKH	InChI=1S/C5H11NO4/c7-3-1-2-6(4-8)5(9)10/h7-8H,1-4H2,(H,9,10)	C5H11NO4	636	-262.6957770956591	""	C(CN(CO)C(=O)O)CO	-1.22099996	""	PubChem:(88804017)
QFPDZFBMDQAIOL	InChI=1S/C5H11NO4/c1-5(3-7,4-8)2-6(9)10/h7-8H,2-4H2,1H3	C5H11NO4	637	-262.795992735884	""	CC(CN(=O)=O)(CO)CO	-1.12100005	""	PubChem:(126489801)
GFTKTVMFVCHBHR	InChI=1S/C5H11NO4/c6-10-4-3-9-2-1-5(7)8/h1-4,6H2,(H,7,8)	C5H11NO4	638	-262.80814951378517	""	C(COCCON)C(=O)O	-1.65900004	""	PubChem:(90195108)
GDBHKRKFOOTLNK	InChI=1S/C5H9NO3/c1-9-5-3-2-4(5)6(7)8/h4-5H,2-3H2,1H3	C5H9NO3	639	-262.82164632908314	1-methoxy-2-nitrocyclobutane	COC1CCC1N(=O)=O	0.233999997	""	PubChem:(21544070)
HSOXMLYPYDYTPT	InChI=1S/C5H9NO3/c1-9-5(8)4-6-2-3-7/h3,6H,2,4H2,1H3	C5H9NO3	640	-262.98706844679225	""	COC(=O)CNCC=O	-0.676999986	""	PubChem:(88556127)
OGDAXTTZEHPSEI	InChI=1S/C5H11NO4/c1-5(4-7)10-3-2-6(8)9/h5,7H,2-4H2,1H3	C5H11NO4	641	-263.0717314575273	""	CC(CO)OCCN(=O)=O	-0.768999994	""	PubChem:(24741998)
QUKIMCXWHCQPEB	InChI=1S/C5H11NO4/c1-3(2-10-9)4(6)5(7)8/h3-4,9H,2,6H2,1H3,(H,7,8)	C5H11NO4	642	-263.1750615296541	""	CC(COO)C(C(=O)O)N	-3.25099993	""	PubChem:(54247634)
NLWMOUDRJACCCZ	InChI=1S/C5H11NO4/c6-5(8)10-4-3-9-2-1-7/h7H,1-4H2,(H2,6,8)	C5H11NO4	643	-263.49369660932035	2-(2-hydroxyethoxy)ethyl carbamate	C(COCCOC(=N)O)O	-0.40200001	""	PubChem:(20574142)
OQFKMOCXFFNEPB	InChI=1S/C5H9NO3/c1-4(2-7)5(9)6-3-8/h7-8H,1-3H2,(H,6,9)	C5H9NO3	644	-263.60206500768743	2-Propenamide, N,2-bis(hydroxymethyl)-	C=C(CO)C(=NCO)O	-1.00800002	""	PubChem:(18459526)
KYTGDLIZPXICGV	InChI=1S/C5H9NO3/c1-2-3-9-6-4-5(7)8/h2,6H,1,3-4H2,(H,7,8)	C5H9NO3	645	-263.6184743563657	""	C=CCONCC(=O)O	0.361999989	""	PubChem:(54020757)
DBGMNUJSXZVGCY	InChI=1S/C5H9NO3/c7-5(8)9-4-1-2-6-3-4/h4,6H,1-3H2,(H,7,8)	C5H9NO3	646	-263.73725306820944	""	C1CNCC1OC(=O)O	-0.109999999	""	PubChem:(57243855)
LGHIECIEPNBVLB	InChI=1S/C5H9NO3/c1-4(9-3-7)5(8)6-2/h3-4H,1-2H3,(H,6,8)	C5H9NO3	647	-263.7937975509546	""	CC(C(=NC)O)OC=O	0.287	""	PubChem:(89053877)
PZWUQWSKTRHXAP	InChI=1S/C5H9NO3/c1-3-4(5(7)8)9-6-2/h4H,2-3H2,1H3,(H,7,8)	C5H9NO3	648	-263.9005881772197	""	CCC(C(=O)O)ON=C	1.125	""	PubChem:(90091335 118241185)
QVOOYCSEBWAZOF	InChI=1S/C5H9NO3/c1-3-5(7,8)6-4(2)9-3/h3,7-8H,1-2H3	C5H9NO3	649	-264.14366455023367	""	CC1C(N=C(C)O1)(O)O	-0.654999971	""	PubChem:(68120910)
HTNKDJYNPASDLS	InChI=1S/C5H9NO3/c1-3(7)4(8)5(9)6-2/h3,7H,1-2H3,(H,6,9)	C5H9NO3	650	-264.25173457284706	""	CC(C(=O)C(=O)NC)O	-1.14699996	""	PubChem:(91384469)
PIWXHOTXMMVOLM	InChI=1S/C5H9NO3/c1-8-5(7)4-3-6(4)9-2/h4H,3H2,1-2H3	C5H9NO3	651	-264.28821008170075	N-Methoxy-2-carbomethoxyaziridine	COC(=O)C1CN1OC	-0.634000003	""	PubChem:(542310)
ARJFRUNDGOARSZ	InChI=1S/C5H11NO4/c1-3(2-4(7)8)10-5(6)9/h3-4,7-8H,2H2,1H3,(H2,6,9)	C5H11NO4	652	-264.397602881507	""	CC(CC(O)O)OC(=N)O	0.0710000023	""	PubChem:(88416831)
XAGHFDOITITDAB	InChI=1S/C5H9NO3/c1-4(6)9-5(7)3-8-2/h6H,3H2,1-2H3	C5H9NO3	653	-264.4447369178878	ethanimidoyl 2-methoxyacetate	CC(=N)OC(=O)COC	-0.00100000005	""	PubChem:(18412595)
HWEOHKRIOOPDSM	InChI=1S/C5H9NO3/c1-4(9-6-2)3-5(7)8/h4H,2-3H2,1H3,(H,7,8)	C5H9NO3	654	-264.47557299950205	""	CC(CC(=O)O)ON=C	0.859000027	""	PubChem:(118241174)
MKPRRSYWOHYHCS	InChI=1S/C5H9NO3/c7-6-2-1-5-8-3-4-9-5/h5H,1-4H2	C5H9NO3	655	-264.5352273128086	""	C(CN=O)C1OCCO1	-0.228	""	PubChem:(88965292)
PYLQSMAUTNNQJR	InChI=1S/C5H11NO4/c1-3(7)6-5(9)10-4(2)8/h3-4,7-8H,1-2H3,(H,6,9)	C5H11NO4	656	-264.5366017752185	""	CC(N=C(O)OC(C)O)O	0.141000003	""	PubChem:(88387417)
UFRDYBOWVGFYJB	InChI=1S/C5H9NO3/c7-5(2-1-3-5)4-6(8)9/h7H,1-4H2	C5H9NO3	657	-264.58786154629513	1-(Nitromethyl)cyclobutanol	C1CC(C1)(CN(=O)=O)O	0.713999987	""	PubChem:(13230835)
NFUGNTPFYNIQNI	InChI=1S/C5H9NO3/c1-4(6)5(8)9-3-2-7/h6-7H,2-3H2,1H3	C5H9NO3	658	-264.6352679427023	""	CC(=N)C(=O)OCCO	-0.407999992	""	PubChem:(88613881)
JDVBMRVWSBRAFO	InChI=1S/C5H9NO3/c7-4-1-2-9-5(4)3-6-8/h3-5,7-8H,1-2H2	C5H9NO3	659	-264.6753328486916	""	C1COC(C=NO)C1O	-0.361999989	""	PubChem:(126611644)
ONONOOGWJLINCY	InChI=1S/C5H9NO3/c7-2-4-1-6-5(8)9-3-4/h4,7H,1-3H2,(H,6,8)	C5H9NO3	660	-264.7603252113443	""	C1C(CO)COC(=N1)O	-0.388000011	""	PubChem:(13364930)
ZTSCFGAWXLEGSF	InChI=1S/C5H9NO3/c1-3(5(6)9)2-4(7)8/h4,7-8H,1-2H2,(H2,6,9)	C5H9NO3	661	-264.769579848543	""	C=C(CC(O)O)C(=N)O	-0.61500001	""	PubChem:(22648403)
PEMAOPRCFREIPY	InChI=1S/C5H11NO4/c1-5(2,9)3(6-10)4(7)8/h3,6,9-10H,1-2H3,(H,7,8)	C5H11NO4	662	-264.9459978887994	""	CC(C)(C(C(=O)O)NO)O	-0.577000022	""	KEGG Mine
CYTWEEZRSDMSSS	InChI=1S/C5H11NO4/c1-5(6-2,3(7)8)4(9)10/h3,6-8H,1-2H3,(H,9,10)	C5H11NO4	663	-264.9903699675017	""	CC(C(O)O)(C(=O)O)NC	-1.82500005	""	KEGG Mine
HNSCIJFEPYXYND	InChI=1S/C5H9NO3/c7-4-2-1-3-5(8)6-9/h1,3,7,9H,2,4H2,(H,6,8)	C5H9NO3	664	-265.00839907697974	""	C(=CC(=NO)O)CCO	-0.111000001	""	PubChem:(53886764)
JZXANYITMLZXFM	InChI=1S/C5H9NO3/c7-5(8)4-1-2-6(9)3-4/h4,9H,1-3H2,(H,7,8)	C5H9NO3	665	-265.06243533151564	3-Pyrrolidinecarboxylic acid, 1-hydroxy-	C1CN(CC1C(=O)O)O	-1.26699996	""	PubChem:(53983521);biological
ROEMPJJKJHRVET	InChI=1S/C5H9NO3/c6-2-1-4-3-8-5(7)9-4/h4H,1-3,6H2	C5H9NO3	666	-265.146711433952	""	C(CN)C1COC(=O)O1	-0.179000005	""	PubChem:(55297453)
OYDYOHHCIJGALT	InChI=1S/C5H11NO4/c1-9-3-4(5(7)8)6-10-2/h4,6H,3H2,1-2H3,(H,7,8)	C5H11NO4	667	-265.17880962530256	""	COCC(C(=O)O)NOC	-0.340000004	""	PubChem:(103254298)
QXYRUERBIOVYTM	InChI=1S/C5H9NO3/c1-5(3-7)2-6-4(8)9-5/h7H,2-3H2,1H3,(H,6,8)	C5H9NO3	668	-265.2875635632547	""	CC1(CN=C(O)O1)CO	-0.165999994	""	PubChem:(115064738)
USJWLRLJAGIUKS	InChI=1S/C5H11NO4/c1-5(8,3-6-9)4(7)10-2/h6,8-9H,3H2,1-2H3	C5H11NO4	669	-265.35327647852	""	CC(CNO)(C(=O)OC)O	-1.023	""	PubChem:(103282714)
HZZYGECMBAQGRB	InChI=1S/C5H11NO4/c6-4-10-2-1-9-3-5(7)8/h1-4,6H2,(H,7,8)	C5H11NO4	670	-265.4884292891713	2-[2-(aminomethoxy)ethoxy]acetic acid	C(COCN)OCC(=O)O	-1.42700005	""	PubChem:(17917029)
JFQVBDDBWUTUCD	InChI=1S/C5H9NO3/c7-6(8)3-1-5-2-4-9-5/h5H,1-4H2	C5H9NO3	671	-265.4947688087224	2-(2-nitroethyl)oxetane	C(CN(=O)=O)C1CCO1	0.023	""	PubChem:(22506353)
AMJUUPDXMBGTHX	InChI=1S/C5H9NO3/c1-5(4(7)8)2-6-3-9-5/h6H,2-3H2,1H3,(H,7,8)	C5H9NO3	672	-265.6247857522369	""	CC1(CNCO1)C(=O)O	-0.414999992	""	PubChem:(125512215 125512222)
MZOPMSWJGGRPRP	InChI=1S/C5H9NO3/c7-6(8)5-2-1-3-9-4-5/h5H,1-4H2	C5H9NO3	673	-265.83347426016553	3-nitrooxane	C1CC(COC1)N(=O)=O	0.196999997	""	PubChem:(19862193)
RMFKINUEXAJIAX	InChI=1S/C5H9NO3/c1-9-6-5(2-3-5)4(7)8/h6H,2-3H2,1H3,(H,7,8)	C5H9NO3	674	-265.85159152040427	""	CONC1(CC1)C(=O)O	0.0430000015	""	PubChem:(88275514)
FCGYWCQVDOBGPL	InChI=1S/C5H9NO3/c1-3(5(7)8)6-4-2-9-4/h3-4,6H,2H2,1H3,(H,7,8)	C5H9NO3	675	-266.2023325596468	2-(oxiran-2-ylamino)propanoic acid	CC(C(=O)O)NC1CO1	-0.493999988	""	PubChem:(19593580)
ORGNKBSTWGYJMR	InChI=1S/C5H11NO4/c1-4(3-7)10-6-5(8)9-2/h4,7H,3H2,1-2H3,(H,6,8)	C5H11NO4	676	-266.2234230203507	""	CC(CO)ON=C(O)OC	0.680000007	""	PubChem:(88515460)
PUKCHENVXSSLBN	InChI=1S/C5H9NO3/c1-4(6(8)9)3-5(2)7/h3H2,1-2H3,(H,8,9)	C5H9NO3	677	-266.3333080685434	""	CC(=N(=O)O)CC(=O)C	0.307000011	""	PubChem:(119096097)
BDMUAUTXLXZRGZ	InChI=1S/C5H9NO3/c7-3-5(9)6-1-4(8)2-6/h4,7-8H,1-3H2	C5H9NO3	678	-266.52346298068227	""	C1C(CN1C(=O)CO)O	-2.06699991	""	PubChem:(68592201)
AFYGLBXOYFGDCC	InChI=1S/C5H9NO3/c1-9-5(8)6-2-4(6)3-7/h4,7H,2-3H2,1H3	C5H9NO3	679	-266.52536550905484	""	COC(=O)N1CC1CO	-0.859000027	""	PubChem:(45087482)
RWXBEBIJBBUKPL	InChI=1S/C5H9NO3/c7-2-5(1-6-8)3-9-4-5/h7H,1-4H2	C5H9NO3	680	-266.5904710998618	""	C(C1(CO)COC1)N=O	-1.07500005	""	PubChem:(90057686)
ANUJAXIVJYQSNP	InChI=1S/C5H11NO4/c1-9-2-3-10-6-4-5(7)8/h6H,2-4H2,1H3,(H,7,8)	C5H11NO4	681	-266.5959192345394	2-(2-methoxyethoxyamino)acetic acid	COCCONCC(=O)O	-0.442999989	""	PubChem:(59092929)
DRVPCJAGMQBGLX	InChI=1S/C5H9NO3/c6-2-1-5(8)9-4-3-7/h2,6-7H,1,3-4H2	C5H9NO3	682	-267.0133560403784	""	C(C=N)C(=O)OCCO	-0.446999997	""	PubChem:(57235404)
BZWNYPZNTQCGJE	InChI=1S/C5H9NO3/c1-4(7)9-5(8)3-6-2/h6H,3H2,1-2H3	C5H9NO3	683	-267.0290813336777	""	CC(=O)OC(=O)CNC	-0.023	""	PubChem:(53710044);biological
CHCHSUBRFDFMBF	InChI=1S/C5H11NO4/c1-6(2)3(4(7)8)5(9)10/h3-4,7-8H,1-2H3,(H,9,10)	C5H11NO4	684	-267.14067075295054	""	CN(C)C(C(O)O)C(=O)O	-1.69599998	""	EcoCyc Mine;KEGG Mine
FLDXDIVOAAIXKF	InChI=1S/C5H11NO4/c1-5(6,4(9)10)2-3(7)8/h3,7-8H,2,6H2,1H3,(H,9,10)	C5H11NO4	685	-267.1542531643534	""	CC(CC(O)O)(C(=O)O)N	-4.02299976	""	PubChem:(88354689)
XHGAKPIRHXKXDC	InChI=1S/C5H11NO4/c1-4(8)5(2,3-7)6(9)10/h4,7-8H,3H2,1-2H3	C5H11NO4	686	-267.3065203840988	(2R,3S)-2-methyl-2-nitrobutane-1,3-diol	CC(C(C)(CO)N(=O)=O)O	-0.563000023	""	PubChem:(13375424 13375425 88645291)
TXDZLNDVLKKMCW	InChI=1S/C5H9NO3/c7-3-5(6(8)9)4-1-2-4/h4-5,7H,1-3H2	C5H9NO3	687	-267.37611718736616	""	C1CC1C(CO)N(=O)=O	-0.0900000036	""	PubChem:(54338382)
ZKYCXEXMLXHNJY	InChI=1S/C5H9NO3/c7-5(8)6-9-4-2-1-3-4/h4,6H,1-3H2,(H,7,8)	C5H9NO3	688	-267.388625696452	""	C1CC(C1)ONC(=O)O	0.617999971	""	PubChem:(87192144)
TXUMIMYRYROXRM	InChI=1S/C5H9NO3/c1-3-6-9-4(2)5(7)8/h3-4H,1-2H3,(H,7,8)	C5H9NO3	689	-267.4615434291283	""	CC=NOC(C)C(=O)O	1.08000004	""	PubChem:(89986492)
HNYFQBMHIKQFFN	InChI=1S/C5H9NO3/c1-2-3(7)4(8)5(6)9/h2,4,7-8H,1H3,(H2,6,9)	C5H9NO3	690	-267.5037608319346	""	CC=C(C(C(=N)O)O)O	-0.331999987	""	PubChem:(126639844)
RCQQQUNDTSVGGH	InChI=1S/C5H9NO3/c1-6(5(7)8)4-2-9-3-4/h4H,2-3H2,1H3,(H,7,8)	C5H9NO3	691	-267.66705186716484	""	CN(C1COC1)C(=O)O	-0.661000013	""	PubChem:(67216693)
HLOPMQJRUIOMJO	InChI=1S/C5H9NO3/c1-9-3-2-4(6)5(7)8/h2-4H,6H2,1H3,(H,7,8)	C5H9NO3	692	-267.97101049987685	ACMC-20lvvt	COC=CC(C(=O)O)N	-2.88599992	""	biological;KNApSAcK:(18833);Natural Products:(UNPD148468 UNPD196143);PubChem:(4472505 5287671 6119966 6440994 46936727 87650021)
WAVKLJOBPHFFJI	InChI=1S/C5H9NO3/c1-3-5(6-7)9-4(2)8-3/h3-4,7H,1-2H3	C5H9NO3	693	-267.9833987629736	N-hydroxy-2,5-dimethyl-1,3-dioxolan-4-imine	CC1C(=NO)OC(C)O1	0.879000008	""	PubChem:(305347 6072399 92260367 92527123 98526979 98526980)
LGECJRHONVHFNX	InChI=1S/C5H9NO3/c1-5(2)4(9-5)3-6(7)8/h4H,3H2,1-2H3	C5H9NO3	694	-267.99000146962493	""	CC1(C)C(CN(=O)=O)O1	0.184	""	PubChem:(125425204 125425205)
DYEOJNVPYSGXSH	InChI=1S/C5H9NO3/c1-3-6(4(2)7)5(8)9/h3H2,1-2H3,(H,8,9)	C5H9NO3	695	-268.2623180817749	acetyl(ethyl)carbamic acid	CCN(C(=O)C)C(=O)O	0.574999988	""	PubChem:(21675792)
GKDJVULOGIEAQG	InChI=1S/C5H9NO3/c1-3-2-6-4(9-3)5(7)8/h3-4,6H,2H2,1H3,(H,7,8)	C5H9NO3	696	-268.34589466897603	""	CC1CNC(C(=O)O)O1	-0.493999988	""	PubChem:(53842554 70147146 70267078)
YSFLHCZNBKOMPV	InChI=1S/C5H9NO3/c1-2-3-4(6-9)5(7)8/h2,4-5,7-8H,1,3H2	C5H9NO3	697	-268.4967074002655	""	C=CCC(C(O)O)N=O	-0.326999992	""	PubChem:(88509999)
HYKYQOCKIHLAQA	InChI=1S/C5H9NO3/c1-4(3-6-9)2-5(7)8/h2,6,9H,3H2,1H3,(H,7,8)	C5H9NO3	698	-268.5874358192677	""	CC(=CC(=O)O)CNO	-0.39199999	""	PubChem:(103282676)
FGQOJBHAFKCSQX	InChI=1S/C5H9NO3/c1-5(4(6)7)8-2-3-9-5/h2-3H2,1H3,(H2,6,7)	C5H9NO3	699	-268.62248827354995	2-methyl-1,3-dioxolane-2-carboxamide	CC1(C(=N)O)OCCO1	-0.241999999	""	PubChem:(294585)
NKMHYGHZUXRTSQ	InChI=1S/C5H9NO3/c1-5(2,6)4(8)9-3-7/h3H,6H2,1-2H3	C5H9NO3	700	-268.7611186277396	""	CC(C)(C(=O)OC=O)N	-0.0130000003	""	PubChem:(88421151)
JNQLHPBGJFCVGC	InChI=1S/C5H11NO4/c1-5(10,3-7)6-2-4(8)9/h6-7,10H,2-3H2,1H3,(H,8,9)	C5H11NO4	701	-268.92818236595247	""	CC(CO)(NCC(=O)O)O	-1.62100005	""	PubChem:(87438396)
CBLVAVWGOLQWGI	InChI=1S/C5H9NO3/c1-4(3-6-9)2-5(7)8/h4H,2-3H2,1H3,(H,7,8)	C5H9NO3	702	-268.94245846845564	""	CC(CC(=O)O)CN=O	0.0250000004	""	PubChem:(57071585)
AKGOWBZDMSKFGM	InChI=1S/C5H11NO4/c6-10-5(7)3-1-2-4-9-8/h8H,1-4,6H2	C5H11NO4	703	-269.07601240212796	""	C(CCOO)CC(=O)ON	-1.25199997	""	PubChem:(89843782)
PDCPSVRSNHMDJH	InChI=1S/C5H9NO3/c1-9-5(8)6-2-4(7)3-6/h4,7H,2-3H2,1H3	C5H9NO3	704	-269.19588281224253	Methyl 3-hydroxy-1-azetidinecarboxylate	COC(=O)N1CC(C1)O	-0.859000027	""	PubChem:(560293)
FWSQBFQEPLLVQO	InChI=1S/C5H9NO3/c1-3(7)4-2-9-5(8)6-4/h3-4,7H,2H2,1H3,(H,6,8)	C5H9NO3	705	-269.2187364655181	4-(1-hydroxyethyl)-1,3-oxazolidin-2-one	CC(C1COC(=N1)O)O	-0.057	""	PubChem:(21242024 59925501 59925503 90414337)
NFOQEZLVTHOVDI	InChI=1S/C5H9NO3/c6-9-4-2-1-3-5(7)8/h1,3H,2,4,6H2,(H,7,8)	C5H9NO3	706	-269.23667531927515	""	C(=CC(=O)O)CCON	-0.864000022	""	PubChem:(57274484)
COVLVPNYQQKCLI	InChI=1S/C5H11NO4/c7-2-1-6(4-8)3-5(9)10/h7-8H,1-4H2,(H,9,10)	C5H11NO4	707	-269.24022564573136	""	C(CO)N(CC(=O)O)CO	-1.83599997	""	PubChem:(45088210)
CDEPHFIZXTYOOZ	InChI=1S/C5H11NO4/c1-9-10-4(6)2-3-5(7)8/h4H,2-3,6H2,1H3,(H,7,8)	C5H11NO4	708	-269.3159454888838	""	COOC(CCC(=O)O)N	-0.558000028	""	PubChem:(89269694)
NMUQYBPDIJRAMA	InChI=1S/C5H9NO3/c1-4(8)5(9)6-2-3-7/h7H,2-3H2,1H3,(H,6,9)	C5H9NO3	709	-269.35265447288515	""	CC(=O)C(=O)NCCO	-1.34500003	""	PubChem:(49854245)
LVPBYIZATBWQMJ	InChI=1S/C5H11NO4/c1-5(2-7,3-10-6)4(8)9/h7H,2-3,6H2,1H3,(H,8,9)	C5H11NO4	710	-269.4691410431261	""	CC(CO)(CON)C(=O)O	-2.10700011	""	PubChem:(90380192)
YWOFEKYLCWCSDS	InChI=1S/C5H9NO3/c1-6-4(3-7)5(8)9-2/h4,7H,1,3H2,2H3	C5H9NO3	711	-269.53217844014483	""	C=NC(CO)C(=O)OC	-0.912	""	PubChem:(90297332)
FCLRDVPREJSWBM	InChI=1S/C5H9NO3/c1-8-5(9-2)3-6-4-7/h5H,3H2,1-2H3	C5H9NO3	712	-269.73874768853597	Ethane, 2-isocyanato-1,1-dimethoxy-	COC(CN=C=O)OC	1.34800005	""	PubChem:(15455641)
KCTXOLTXAJRQMU	InChI=1S/C5H11NO4/c1-5(9,10-2)3(6)4(7)8/h3,9H,6H2,1-2H3,(H,7,8)	C5H11NO4	713	-269.7518450421273	""	CC(C(C(=O)O)N)(O)OC	-3.55500007	""	PubChem:(102233046)
WSFXDZJSMLYIEC	InChI=1S/C5H11NO4/c7-2-4(3-8)1-6-5(9)10/h4,6-8H,1-3H2,(H,9,10)	C5H11NO4	714	-269.83298812222	""	C(C(CO)CO)NC(=O)O	-1.62600005	""	PubChem:(87694203)
IWZMFWWVXMZSBR	InChI=1S/C5H11NO4/c7-3-1-6-2-4-10-5(8)9/h6-7H,1-4H2,(H,8,9)	C5H11NO4	715	-269.8740206835988	""	C(CO)NCCOC(=O)O	-1.00399995	""	PubChem:(23179916)
LHMYDEWNJUGYQX	InChI=1S/C5H9NO3/c1-3(7)9-5(6)2-4(5)8/h4,8H,2,6H2,1H3	C5H9NO3	716	-269.8952774948969	""	CC(=O)OC1(CC1O)N	-0.0329999998	""	PubChem:(57454120)
JVVXOWLBWKLZBG	InChI=1S/C5H9NO3/c1-9-4(8)5(6)2-3(5)7/h3,7H,2,6H2,1H3	C5H9NO3	717	-270.0448469928123	methyl 1-amino-2-hydroxycyclopropane-1-carboxylate	COC(=O)C1(CC1O)N	-0.739000022	""	PubChem:(21344890)
RUHQTVOCIDBENV	InChI=1S/C5H11NO4/c1-6-2-4(7,8)5(9,10)3-6/h7-10H,2-3H2,1H3	C5H11NO4	718	-270.19678511506	""	CN1CC(C(C1)(O)O)(O)O	-0.930999994	""	PubChem:(91090919)
AUYXWWQKWLCDBU	InChI=1S/C5H9NO3/c7-6(8)5-3-1-2-4-9-5/h5H,1-4H2	C5H9NO3	719	-270.3291268147006	""	C1CCOC(C1)N(=O)=O	0.691999972	""	PubChem:(91394136)
WQLZQPOUWJCCCM	InChI=1S/C5H9NO3/c1-2-3-9-6-4-5(7)8/h4H,2-3H2,1H3,(H,7,8)	C5H9NO3	720	-270.33737607828425	""	CCCON=CC(=O)O	1.01199996	""	PubChem:(14307550 88315497)
YCXPVNXHGWYYDW	InChI=1S/C5H9NO3/c1-2-5(6,3-7)4(8)9/h2,7H,1,3,6H2,(H,8,9)	C5H9NO3	721	-270.3992688506396	""	C=CC(CO)(C(=O)O)N	-3.48799992	""	PubChem:(10011926);EcoCyc Mine
PHUBENFEMYOLNR	InChI=1S/C5H9NO3/c7-5(8)6-2-1-4-3-9-4/h4,6H,1-3H2,(H,7,8)	C5H9NO3	722	-270.54508473776826	""	C(CNC(=O)O)C1CO1	-0.444999993	""	PubChem:(87167197)
IFTGBHKEFYLAGE	InChI=1S/C5H9NO3/c1-9-6(5-8)3-2-4-7/h4-5H,2-3H2,1H3	C5H9NO3	723	-270.6386454844307	""	CON(CCC=O)C=O	-0.521000028	""	PubChem:(57481904)
HHQMZOFGKZVJDE	InChI=1S/C5H9NO3/c1-2-3-6-4(7)5(8)9/h2-3H2,1H3,(H,6,7)(H,8,9)	C5H9NO3	724	-270.7564202671389	oxo(propylamino)acetic acid	CCCNC(=O)C(=O)O	-0.116999999	""	PubChem:(15761643 28064723)
YOZNFBAWELBSTG	InChI=1S/C5H11NO4/c1-8-5(9-2,10-3)4(6)7/h1-3H3,(H2,6,7)	C5H11NO4	725	-270.88112355907526	""	COC(C(=N)O)(OC)OC	-0.508000016	""	PubChem:(12586558)
QTLDQWNMGOPFRA	InChI=1S/C5H9NO3/c1-9-5(8)4-2-6(4)3-7/h4,7H,2-3H2,1H3	C5H9NO3	726	-271.12092230915687	2-Aziridinecarboxylic acid, 1-(hydroxymethyl)-, methyl ester	COC(=O)C1CN1CO	-0.912999988	""	PubChem:(13429829)
TWOSSFWVWAKNGU	InChI=1S/C5H9NO3/c1-8-4-2-6-5(7)9-3-4/h4H,2-3H2,1H3,(H,6,7)	C5H9NO3	727	-271.70505491094616	""	COC1CN=C(O)OC1	-0.064000003	""	PubChem:(121483812)
UWUDQTYKCUFKDR	InChI=1S/C5H9NO3/c1-6-4(2-7)3-9-5(6)8/h4,7H,2-3H2,1H3	C5H9NO3	728	-271.75392185221096	4-Hydroxymethyl-3-methyl-oxazolidin-2-one	CN1C(CO)COC1=O	-0.859000027	""	PubChem:(14456877 58484531 92979760)
POIVTCJREMBJKU	InChI=1S/C5H9NO3/c6-4(5(8)9)2-1-3-7/h2,7H,1,3,6H2,(H,8,9)	C5H9NO3	729	-271.88986797690484	""	C(C=C(C(=O)O)N)CO	-3.01200008	""	PubChem:(87930862)
AFRBQVHYCWWCLJ	InChI=1S/C5H9NO3/c1-4(7)9-5-2-6(8)3-5/h5-6H,2-3H2,1H3	C5H9NO3	730	-271.9412137032198	""	CC(=O)OC1CN(=O)C1	-0.936999977	""	PubChem:(88461379)
SPSOIAUTKSWGHF	InChI=1S/C5H9NO3/c7-6(8)3-5-1-2-9-4-5/h5H,1-4H2	C5H9NO3	731	-271.9447213636621	""	C1COCC1CN(=O)=O	-0.140000001	""	PubChem:(82418701)
HBKNPDRDIKERRP	InChI=1S/C5H9NO3/c1-2-9-5(8)6-3-4-7/h4H,2-3H2,1H3,(H,6,8)	C5H9NO3	732	-272.0460376153766	""	CCOC(=NCC=O)O	0.172000006	""	PubChem:(53689554)
FZKFGWBEJVULLP	InChI=1S/C5H9NO3/c1-5(3-7,9-2)6-4-8/h3-4H,1-2H3,(H,6,8)	C5H9NO3	733	-272.0771842329195	""	CC(C=O)(N=CO)OC	0.0140000004	""	PubChem:(87286772)
STUHQDIOZQUPGP	InChI=1S/C5H9NO3/c7-5(8)6-1-3-9-4-2-6/h1-4H2,(H,7,8)	C5H9NO3	734	-272.08831070886674	morpholine-4-carboxylate	C1COCCN1C(=O)O	-0.698000014	""	PubChem:(9833960 21949324 90040136);KEGG Mine
XERGZIPVPOKQKJ	InChI=1S/C5H9NO3/c1-4-3-8-5(9-4)2-6-7/h4-5H,2-3H2,1H3	C5H9NO3	735	-272.3171700199247	""	CC1COC(CN=O)O1	-0.126000002	""	PubChem:(89043720)
IEHMTTAKTADSIX	InChI=1S/C5H11NO4/c1-2-3-4-5-9-10-6(7)8/h2-5H2,1H3	C5H11NO4	736	-272.5987773048913	""	CCCCCOON(=O)=O	2.37199998	""	PubChem:(87988277)
OGUNWQBVMSDHJJ	InChI=1S/C5H9NO3/c1-9-4-2-6(3-4)5(7)8/h4H,2-3H2,1H3,(H,7,8)	C5H9NO3	737	-272.6012093658997	3-methoxyazetidine-1-carboxylic acid	COC1CN(C1)C(=O)O	-0.661000013	""	PubChem:(22484227)
BEOAGJWFDLIEOM	InChI=1S/C5H9NO3/c7-3-4-5(8)9-2-1-6-4/h4,6-7H,1-3H2	C5H9NO3	738	-272.6126060082529	3-(hydroxymethyl)morpholin-2-one	C1COC(=O)C(CO)N1	-0.430999994	""	PubChem:(19048425)
FZZJBGWFTHTBSG	InChI=1S/C5H9NO3/c7-6(8)9-4-5-2-1-3-5/h5H,1-4H2	C5H9NO3	739	-272.65784719961215	""	C1CC(C1)CON(=O)=O	1.75999999	""	PubChem:(53827302)
CIOYLCCVZOFDKE	InChI=1S/C5H9NO3/c1-5(8)6(9)3-2-4-7/h4,9H,2-3H2,1H3	C5H9NO3	740	-272.7444887421621	""	CC(=O)N(CCC=O)O	-0.879999995	""	YMDB Mine;KEGG Mine
RHGDZCFTRAPOKY	InChI=1S/C5H9NO3/c1-8-5(7)9-4-2-6-3-4/h4,6H,2-3H2,1H3	C5H9NO3	741	-272.7455108308992	""	COC(=O)OC1CNC1	-0.147	""	PubChem:(69334251)
FBEJAZRADCIAIU	InChI=1S/C5H9NO3/c7-4-6-2-1-3-9-5-8/h4-5H,1-3H2,(H,6,7)	C5H9NO3	742	-272.8739285464449	3-formamidopropyl formate	C(CN=CO)COC=O	0.0450000018	""	PubChem:(22928604)
ZYXUHVCGYSMKNX	InChI=1S/C5H9NO3/c1-4(2)6-5(8)9-3-7/h3-4H,1-2H3,(H,6,8)	C5H9NO3	743	-272.8775980353478	""	CC(C)N=C(O)OC=O	0.882000029	""	PubChem:(87544045)
QECQPOTVLHTHPB	InChI=1S/C5H9NO3/c1-2-3-5(6,9)4(7)8/h2,9H,1,3,6H2,(H,7,8)	C5H9NO3	744	-273.0695069934804	""	C=CCC(C(=O)O)(N)O	-3.148	""	PubChem:(88842348)
CWCALIKBDMKNDE	InChI=1S/C5H9NO3/c1-4(2)5(7)9-8-3-6/h1,3,6H2,2H3	C5H9NO3	745	-273.0859090676812	""	C=C(C)C(=O)OOCN	-0.150000006	""	PubChem:(87844593)
ZJGNWKAAKWWMRW	InChI=1S/C5H9NO3/c1-6-3-9-2-4(6)5(7)8/h4H,2-3H2,1H3,(H,7,8)	C5H9NO3	746	-273.14557174882884	""	CN1COCC1C(=O)O	-0.714999974	""	PubChem:(57977815 118329410)
GOILSILCGHIQPH	InChI=1S/C5H9NO3/c1-3-9-4(6)5(7)8-2/h6H,3H2,1-2H3	C5H9NO3	747	-273.20990609363065	methyl 2-ethoxy-2-iminoacetate	CCOC(=N)C(=O)OC	0.782999992	""	PubChem:(22639991)
NKMHRKGNBFFPMV	InChI=1S/C5H9NO3/c1-6(2-3-7)4-5(8)9/h7H,1-4H2	C5H9NO3	748	-273.3206487279955	""	C=[N+](CCO)CC(=O)[O-]	-1.97099996	""	PubChem:(118010504 118010505)
QWKDUZLPRQPXEK	InChI=1S/C5H9NO3/c1-4(7)6(2)5(8)9-3/h1-3H3	C5H9NO3	749	-273.70069817255694	""	CC(=O)N(C)C(=O)OC	0.47299999	""	PubChem:(12738556)
PZFCKLKBGCAOPJ	InChI=1S/C5H11NO4/c7-3-1-6(2-4-8)5(9)10/h7-8H,1-4H2,(H,9,10)	C5H11NO4	750	-274.0477618430411	N,N-bis(2-hydroxyethyl)carbamate	C(CO)N(CCO)C(=O)O	-1.71599996	""	PubChem:(15795359 19101499);biological
ZEDWMKGGKCEMLI	InChI=1S/C5H9NO3/c1-2-4(7)3-9-5(6)8/h3,7H,2H2,1H3,(H2,6,8)	C5H9NO3	751	-274.08817772565163	""	CCC(=COC(=N)O)O	1.102	""	PubChem:(88073679)
BNOBBUCLHSOGOQ	InChI=1S/C5H9NO3/c7-4-2-1-3-5(9-3)6(4)8/h3-5,7-8H,1-2H2	C5H9NO3	752	-274.0916421275389	""	C1CC(N(C2C1O2)O)O	-0.614000022	""	PubChem:(123247119)
RUUGCOKKHWZAQG	InChI=1S/C5H9NO3/c1-3(9-2)4(6)5(7)8/h4H,1,6H2,2H3,(H,7,8)	C5H9NO3	753	-274.175674088239	""	C=C(C(C(=O)O)N)OC	-2.96300006	""	PubChem:(23514482)
NEKWBGYGPTVYPY	InChI=1S/C5H11NO4/c7-4(8)5(9)2-1-3-6(5)10/h4,7-10H,1-3H2	C5H11NO4	754	-274.2330426719442	""	C1CC(C(O)O)(N(C1)O)O	-0.816999972	""	PubChem:(53411415 71776515)
AMYPSRHDDAWBOL	InChI=1S/C5H11NO4/c1-2-4(3-7)5(8)6(9)10/h4-5,7-8H,2-3H2,1H3	C5H11NO4	755	-274.2677634968224	""	CCC(CO)C(N(=O)=O)O	-0.175999999	""	PubChem:(17998082)
NZOYKYKZNMESKQ	InChI=1S/C5H9NO3/c1-4(7)9-5-2-3-6(5)8/h5-6H,2-3H2,1H3	C5H9NO3	756	-274.2810726128455	""	CC(=O)OC1CCN1=O	-0.375999987	""	PubChem:(87583864)
ZKWPFBNQKHXTSP	InChI=1S/C5H9NO3/c1-8-2-3-9-5(7)4-6/h2-3H,4,6H2,1H3	C5H9NO3	757	-274.30069217188935	""	COC=COC(=O)CN	-0.425999999	""	PubChem:(57226552 87146370)
MDZPIMSUZOQISY	InChI=1S/C5H9NO3/c1-4(5(7)8)2-3-9-6/h1-3,6H2,(H,7,8)	C5H9NO3	758	-274.5518121484664	""	C=C(CCON)C(=O)O	-0.995999992	""	PubChem:(55303488)
YOEIERPMRKHSPS	InChI=1S/C5H9NO3/c1-2-3-5(4-9-5)6(7)8/h2-4H2,1H3	C5H9NO3	759	-274.6297185723401	2-nitro-2-propyloxirane	CCCC1(CO1)N(=O)=O	1.05900002	""	PubChem:(21391716)
QLDIXPXOJCNMOW	InChI=1S/C5H9NO3/c7-3-1-2-6-4-5(8)9/h1,3,6-7H,2,4H2,(H,8,9)	C5H9NO3	760	-274.7322817028397	""	C(=CO)CNCC(=O)O	-0.515999973	""	PubChem:(87120719)
MJOSQKREOFDVAL	InChI=1S/C5H11NO4/c7-4-2-1-3-6(10)5(4,8)9/h4,7-10H,1-3H2	C5H11NO4	761	-274.81167104824976	""	C1CC(C(N(C1)O)(O)O)O	-0.388000011	""	PubChem:(54075796)
FQQQMHNWVUSXMZ	InChI=1S/C5H9NO3/c1-3-9-5(7)4(2)6-8/h4H,3H2,1-2H3	C5H9NO3	762	-274.8423632734216	""	CCOC(=O)C(C)N=O	0.244000003	""	PubChem:(53813446);biological
QMFCXSRQIFICQW	InChI=1S/C5H9NO3/c1-9-6-4-2-3-5(7)8/h2-3,6H,4H2,1H3,(H,7,8)	C5H9NO3	763	-274.88152379934405	""	CONCC=CC(=O)O	0.351999998	""	PubChem:(103254307)
RLQJZMBTKRGKIT	InChI=1S/C5H9NO3/c1-8-2-5(3-9-5)4(6)7/h2-3H2,1H3,(H2,6,7)	C5H9NO3	764	-274.8980083994858	""	COCC1(CO1)C(=N)O	-0.801999986	""	PubChem:(90955970)
XWOLXVJZNSGDEA	InChI=1S/C5H9NO3/c1-2-4(5(7)8)9-3-6/h2,4H,1,3,6H2,(H,7,8)	C5H9NO3	765	-275.4430517208288	""	C=CC(C(=O)O)OCN	-0.757000029	""	PubChem:(54492281)
WOXPITDHRSXOOP	InChI=1S/C5H9NO3/c1-4(7)6-5-2-8-3-9-5/h5H,2-3H2,1H3,(H,6,7)	C5H9NO3	766	-275.4846082080484	""	CC(=NC1COCO1)O	-0.0850000009	""	PubChem:(67192532)
ZKFMCOCCSBYKDU	InChI=1S/C5H9NO3/c1-3-4(7)6-5(8)9-2/h3H2,1-2H3,(H,6,7,8)	C5H9NO3	767	-275.527507320532	""	CCC(=NC(=O)OC)O	0.338999987	""	PubChem:(54482156)
HHESZBHBLATYIR	InChI=1S/C5H9NO3/c1-3-4(7)6(2)5(8)9/h3H2,1-2H3,(H,8,9)	C5H9NO3	768	-275.7399224275769	methyl(propanoyl)carbamic acid	CCC(=O)N(C)C(=O)O	0.405000001	""	PubChem:(21444945)
IEIMPVZKCWPIJG	InChI=1S/C5H9NO3/c7-2-1-4-3-5(8)6(4)9/h4,7,9H,1-3H2	C5H9NO3	769	-275.7999184969902	""	C(CO)C1CC(=O)N1O	-1.09899998	""	PubChem:(13570498)
VBRZUNPFPSAJBF	InChI=1S/C5H9NO3/c1-2-4(8)6-5(9)3-7/h2,5,7,9H,1,3H2,(H,6,8)	C5H9NO3	770	-275.8666185432678	""	C=CC(=NC(CO)O)O	-0.758000016	""	PubChem:(57275832)
JACDUIRHSYUIRO	InChI=1S/C5H9NO3/c1-6(9)2-4(3-6)5(7)8/h4H,2-3H2,1H3,(H,7,8)	C5H9NO3	771	-276.2105412749712	""	CN1(=O)CC(C1)C(=O)O	-1.62699997	""	PubChem:(87524701)
TYCMBLBRMCLIGF	InChI=1S/C5H9NO3/c1-2-3-4(7)9-5(6)8/h2-3H2,1H3,(H2,6,8)	C5H9NO3	772	-276.31796504422084	""	CCCC(=O)OC(=N)O	1.18900001	""	PubChem:(54008873)
MZCCHESPMVDZAH	InChI=1S/C5H9NO3/c7-3-1-6-2-4(8)5(3)9/h1,4-9H,2H2	C5H9NO3	773	-276.3830158529815	""	C1=C(C(C(CN1)O)O)O	0.354000002	""	PubChem:(68621539)
BHAQKFJIDBLWPO	InChI=1S/C5H9NO3/c7-5(8)4-6(9)2-1-3-6/h1-4H2,(H,7,8)	C5H9NO3	774	-276.41770969140526	""	C1CN(=O)(C1)CC(=O)O	-1.38	""	PubChem:(87951113)
CHJQAEDTCYTGBP	InChI=1S/C5H9NO3/c1-6-4(7)2-3-5(6)9-8/h5,8H,2-3H2,1H3	C5H9NO3	775	-276.47419640518535	""	CN1C(=O)CCC1OO	-0.654999971	""	PubChem:(11083917)
BZYSMFNYLJSJDK	InChI=1S/C5H11NO4/c1-10-5(9)4(2-7)6-3-8/h4,6-8H,2-3H2,1H3	C5H11NO4	776	-276.50888079569444	""	COC(=O)C(CO)NCO	-1.65100002	""	PubChem:(88269610)
FUCIJQBNSAOYDE	InChI=1S/C5H9NO3/c1-9-3-2-6(4-7)5-8/h4-5H,2-3H2,1H3	C5H9NO3	777	-276.8149923568284	""	COCCN(C=O)C=O	-0.360000014	""	PubChem:(23517458)
NCNQEYHGZSCBKN	InChI=1S/C5H9NO3/c1-5(9)2-3-6(5)4(7)8/h9H,2-3H2,1H3,(H,7,8)	C5H9NO3	778	-276.84648485245503	""	CC1(CCN1C(=O)O)O	0.160999998	""	PubChem:(68849831)
BHAFNGZHKCHTRQ	InChI=1S/C5H9NO3/c1-3-9-5(7)4(6)8-2/h6H,3H2,1-2H3	C5H9NO3	779	-276.9471380885632	""	CCOC(=O)C(=N)OC	0.782999992	""	PubChem:(87494244)
SGMGWYAPGTVNPR	InChI=1S/C5H9NO3/c7-5(8)6(9)4-2-1-3-4/h4,9H,1-3H2,(H,7,8)	C5H9NO3	780	-277.2298564807704	""	C1CC(C1)N(C(=O)O)O	-0.0829999968	""	PubChem:(90777172)
GPLNFYKXDZHIHS	InChI=1S/C5H9NO3/c7-3-6(5(8)9)4-1-2-4/h4,7H,1-3H2,(H,8,9)	C5H9NO3	781	-277.25380090009764	""	C1CC1N(CO)C(=O)O	-0.326999992	""	PubChem:(67401459)
NHBQNHZSLNGASU	InChI=1S/C5H11NO4/c1-9-4-3-5(10-2)6(7)8/h5H,3-4H2,1-2H3	C5H11NO4	782	-277.33577053036566	""	COCCC(N(=O)=O)OC	-0.00400000019	""	PubChem:(87724431)
KBIDEVRDXHNHHL	InChI=1S/C5H9NO3/c1-8-6-4-2-3-9-5(4)7/h4,6H,2-3H2,1H3	C5H9NO3	783	-277.38649346602296	""	CONC1CCOC1=O	0.748000026	""	PubChem:(127012456)
LWZLQKKGJRYGIT	InChI=1S/C5H11NO4/c1-2-5(7,8)3-4-6(9)10/h7-8H,2-4H2,1H3	C5H11NO4	784	-277.47247433141655	""	CCC(CCN(=O)=O)(O)O	-0.441000015	""	PubChem:(54057062)
NUJWWBVANKTZEE	InChI=1S/C5H9NO3/c7-3-5(1-2-5)9-6-4-8/h4,7H,1-3H2,(H,6,8)	C5H9NO3	785	-277.7008819797592	""	C1CC1(CO)ON=CO	0.349999994	""	PubChem:(123760823)
RRFOEDAHUTYINL	InChI=1S/C5H9NO3/c1-2-3(7)4(8)5(6)9/h7-8H,2H2,1H3,(H2,6,9)	C5H9NO3	786	-277.7505626114012	""	CCC(=C(C(=N)O)O)O	0.68900001	""	PubChem:(87260348)
OYTYJBAAEMCMOX	InChI=1S/C5H9NO3/c1-6(5(7)8)2-4-3-9-4/h4H,2-3H2,1H3,(H,7,8)	C5H9NO3	787	-277.9064625398988	""	CN(CC1CO1)C(=O)O	-0.661000013	""	PubChem:(87093362)
JWDNEMOXYJKVMW	InChI=1S/C5H9NO3/c1-3-2-9-5(8)6-4(3)7/h3-4,7H,2H2,1H3,(H,6,8)	C5H9NO3	788	-278.02863513738237	4-hydroxy-5-methyl-1,3-oxazinan-2-one	CC1COC(=NC1O)O	0.275000006	""	PubChem:(22982925)
YFRVZGCHECRKIA	InChI=1S/C5H9NO3/c1-2-6(3-4-7)5(8)9/h4H,2-3H2,1H3,(H,8,9)	C5H9NO3	789	-278.0507390419737	""	CCN(CC=O)C(=O)O	-0.0790000036	""	PubChem:(87169721)
VSODRGAQESJQLB	InChI=1S/C5H9NO3/c1-5(2,4(6)8)9-3-7/h3H,1-2H3,(H2,6,8)	C5H9NO3	790	-278.24965727588534	""	CC(C)(C(=N)O)OC=O	0.42899999	""	PubChem:(17859919)
ZYIPRDGLQQGFCX	InChI=1S/C5H9NO3/c7-4-2-1-3-5(8)6-9/h7H,1-4H2	C5H9NO3	791	-278.3016322278633	""	C(CCO)CC(=O)N=O	-0.643000007	""	PubChem:(89328343)
YFOXKFCLPNCYQT	InChI=1S/C5H9NO3/c1-3-6(4-7)5(8)9-2/h4H,3H2,1-2H3	C5H9NO3	792	-278.6034976222396	""	CCN(C=O)C(=O)OC	0.660000026	""	PubChem:(54485872)
VPBMPJMPBLHDPL	InChI=1S/C5H9NO3/c1-2-9-4-6-3-5(7)8/h4H,2-3H2,1H3,(H,7,8)	C5H9NO3	793	-278.9083690783759	""	CCOC=NCC(=O)O	-0.328000009	""	PubChem:(55302138)
BTNMWVFQEJOLBO	InChI=1S/C5H9NO3/c1-4(2)6(3-7)5(8)9/h3-4H,1-2H3,(H,8,9)	C5H9NO3	794	-278.96112899209277	formyl(propan-2-yl)carbamic acid	CC(C)N(C=O)C(=O)O	0.799000025	""	PubChem:(21444878)
DRVOINGLDWAOAW	InChI=1S/C5H11NO4/c1-10-3-5(6,2-7)4(8)9/h7H,2-3,6H2,1H3,(H,8,9)	C5H11NO4	795	-278.9657825736339	""	COCC(CO)(C(=O)O)N	-4.45900011	""	EcoCyc Mine;KEGG Mine
QLHLWMSBCPYWPR	InChI=1S/C5H11NO4/c7-5(8,9)6-2-1-4-3-10-4/h4,6-9H,1-3H2	C5H11NO4	796	-278.9942543309419	""	C(CNC(O)(O)O)C1CO1	-1.86600006	""	PubChem:(57136424)
PCAUTTRAZWQQBR	InChI=1S/C5H11NO4/c1-9-4-5(10-2)3-6(7)8/h5H,3-4H2,1-2H3	C5H11NO4	797	-279.1037165613183	""	COCC(CN(=O)=O)OC	-0.672999978	""	PubChem:(88190431)
BJBDPHKMAMMTFW	InChI=1S/C5H9NO3/c1-3-9-5(7)4(2)6-8/h8H,3H2,1-2H3	C5H9NO3	798	-279.1826220965419	ethyl 2-hydroxyiminopropanoate	CCOC(=O)C(=NO)C	0.56099999	""	PubChem:(6399798 6405273 9614318);Natural Products:(UNPD44649)
NYBLLFILJUYTIS	InChI=1S/C5H9NO3/c1-4(7)5(6-8)3-9-2/h8H,3H2,1-2H3	C5H9NO3	799	-279.1910411202486	""	CC(=O)C(=NO)COC	-0.43900001	""	PubChem:(101399813)
IQRJZCOWHMFJPF	InChI=1S/C5H11NO4/c1-4(7,8)5(9,10)6-2-3-6/h7-10H,2-3H2,1H3	C5H11NO4	800	-279.30571654977234	""	CC(C(N1CC1)(O)O)(O)O	-2.08699989	""	PubChem:(87459096)
DCXFUQNJFMIDHR	InChI=1S/C5H11NO4/c7-4-6-1-2-10-3-5(8)9/h6-7H,1-4H2,(H,8,9)	C5H11NO4	801	-279.3684508779357	""	C(COCC(=O)O)NCO	-1.55599999	""	PubChem:(53753649)
IUMFPZDEPNKQEY	InChI=1S/C5H11NO4/c1-8-3-5(7)6-10-4-9-2/h3-4H2,1-2H3,(H,6,7)	C5H11NO4	802	-279.4988120321783	""	COCC(=NOCOC)O	0.187000006	""	PubChem:(110495499)
FLBTTZHGNKZZQD	InChI=1S/C5H9NO3/c1-4(2-3-7)9-5(6)8/h7H,1-3H2,(H2,6,8)	C5H9NO3	803	-279.53862735197663	""	C=C(CCO)OC(=N)O	0.307000011	""	PubChem:(53805018)
PYWGWVFUJYFJLK	InChI=1S/C5H9NO3/c1-4(5(7)8)2-3-6-9/h3-4,9H,2H2,1H3,(H,7,8)	C5H9NO3	804	-279.6315889073781	""	CC(CC=NO)C(=O)O	0.239999995	""	PubChem:(55302697)
LCKCADPTBMIZLF	InChI=1S/C5H9NO3/c1-4(7)9-5(8)6(2)3/h1-3H3	C5H9NO3	805	-279.760571945218	dimethylcarbamoyl acetate	CC(=O)OC(=O)N(C)C	0.47299999	""	PubChem:(19875782)
JNGJIVXXIVLRHR	InChI=1S/C5H9NO3/c1-6-5(7)9-4-2-8-3-4/h4H,2-3H2,1H3,(H,6,7)	C5H9NO3	806	-279.83023720977286	""	CN=C(O)OC1COC1	0.101999998	""	PubChem:(89945190)
DKPKJCQYIRCUEU	InChI=1S/C5H9NO3/c1-5(2,6-9)3-4(7)8/h3H2,1-2H3,(H,7,8)	C5H9NO3	807	-279.97382567627443	""	CC(C)(CC(=O)O)N=O	0.00600000005	""	PubChem:(55302356)
BIECYNVSTCPDDR	InChI=1S/C5H9NO3/c1-6-4-2-8-5(7)9-3-4/h4,6H,2-3H2,1H3	C5H9NO3	808	-280.3218637110419	""	CNC1COC(=O)OC1	-0.147	""	PubChem:(57526888)
YZMBQKFGNLQQFO	InChI=1S/C5H9NO3/c7-3-9-5(8)6-4-1-2-4/h4,7H,1-3H2,(H,6,8)	C5H9NO3	809	-280.584257047658	""	C1CC1N=C(O)OCO	0.335999995	""	PubChem:(124159602)
XBLOEMRMJXTDAI	InChI=1S/C5H9NO3/c7-1-5(2-8)3-9-4-6-5/h4,7-8H,1-3H2	C5H9NO3	810	-280.7556627132696	4,4(5H)-Oxazoledimethanol	C(C1(CO)COC=N1)O	-1.625	""	PubChem:(21567779)
HQCHHWDBAHRTTH	InChI=1S/C5H9NO3/c7-3-6-5-1-8-4-9-2-5/h3,5H,1-2,4H2,(H,6,7)	C5H9NO3	811	-280.7833845984414	""	C1C(COCO1)N=CO	-0.458000004	""	PubChem:(88680907)
OARXFAMEEVNJSQ	InChI=1S/C5H9NO3/c7-5(8)6-4-1-2-9-3-4/h4,6H,1-3H2,(H,7,8)	C5H9NO3	812	-281.0320112222672	oxolan-3-ylcarbamic acid	C1COCC1NC(=O)O	-0.444999993	""	PubChem:(19043566 69002338 90076488)
UZUZXDSYYXGCPY	InChI=1S/C5H9NO3/c1-4-5(2,9-4)3-6(7)8/h4H,3H2,1-2H3	C5H9NO3	813	-281.0488367462127	""	CC1C(C)(CN(=O)=O)O1	0.184	""	PubChem:(13774330)
TZEKUJKAULMISU	InChI=1S/C5H9NO3/c1-2-4(7)6-3-5(8)9/h2,5,8-9H,1,3H2,(H,6,7)	C5H9NO3	814	-281.1170152661332	N-(2,2-dihydroxyethyl)prop-2-enamide	C=CC(=NCC(O)O)O	-0.824000001	""	PubChem:(22929468)
LPDXILDQATZDMD	InChI=1S/C5H11NO4/c1-6(5(9)10)2-4(8)3-7/h4,7-8H,2-3H2,1H3,(H,9,10)	C5H11NO4	815	-281.11841154983875	""	CN(CC(CO)O)C(=O)O	-1.67900002	""	PubChem:(87194389)
MZTCSXVBTBLNOB	InChI=1S/C5H11NO4/c1-3-5(7,8)4(2)6(9)10/h4,7-8H,3H2,1-2H3	C5H11NO4	816	-281.1270331879175	2-nitropentane-3,3-diol	CCC(C(C)N(=O)=O)(O)O	-0.165000007	""	PubChem:(20041835)
NWIJVTSSMINXPJ	InChI=1S/C5H9NO3/c1-3(7)5(9)6-4(2)8/h3,7H,1-2H3,(H,6,8,9)	C5H9NO3	817	-281.2266761533636	""	CC(C(=O)N=C(C)O)O	-0.273000002	""	PubChem:(88003261)
OZXRNWTVSNBUBY	InChI=1S/C5H9NO3/c1-6(4(7)8)5(9)2-3-5/h9H,2-3H2,1H3,(H,7,8)	C5H9NO3	818	-281.2331897465442	""	CN(C(=O)O)C1(CC1)O	0.0960000008	""	PubChem:(89998562)
NXNVTCNWVWUMLQ	InChI=1S/C5H11NO4/c1-2-5(6,3(7)8)4(9)10/h3,7-8H,2,6H2,1H3,(H,9,10)	C5H11NO4	819	-281.2339806784909	""	CCC(C(O)O)(C(=O)O)N	-4.02299976	""	EcoCyc Mine;YMDB Mine;KEGG Mine
IPIFXAURXITTLK	InChI=1S/C5H9NO3/c1-2-4(3-7)6-5(8)9/h2,4,6-7H,1,3H2,(H,8,9)/p-1	C5H9NO3	820	-281.254936700358	N-(1-hydroxybut-3-en-2-yl)carbamate	C=CC(CO)NC(=O)O	-0.430999994	""	PubChem:(22025722 22025723 90108096 90109158)
KPMJSUFVZJEYID	InChI=1S/C5H11NO4/c1-5(8-2,9-3)10-4(6)7/h1-3H3,(H2,6,7)	C5H11NO4	821	-281.29429247105406	""	CC(OC)(OC)OC(=N)O	0.845000029	""	PubChem:(87313262)
UJVKRLIHURGURP	InChI=1S/C5H9NO3/c1-4(3-7)6(2)5(8)9/h3-4H,1-2H3,(H,8,9)	C5H9NO3	822	-281.45010525351057	""	CC(C=O)N(C)C(=O)O	0.0240000002	""	PubChem:(118556140)
PNTJUGWDBJWNNA	InChI=1S/C5H9NO3/c1-4(9-2)6-3-5(7)8/h3-4H,1-2H3,(H,7,8)	C5H9NO3	823	-281.51574327106886	""	CC(N=CC(=O)O)OC	0.074000001	""	PubChem:(17822432)
SREFXQDCNODBHC	InChI=1S/C5H11NO4/c1-5(9,10)6-3-2-4(7)8/h6,9-10H,2-3H2,1H3,(H,7,8)	C5H11NO4	824	-281.79940746562704	""	CC(NCCC(=O)O)(O)O	-1.32599998	""	PubChem:(54320296)
DFXGAUXNNKGYAQ	InChI=1S/C5H9NO3/c1-8-2-3-9-5-6-4-7/h2-3,5H2,1H3	C5H9NO3	825	-281.97883313833455	1-(isocyanatomethoxy)-2-methoxyethane	COCCOCN=C=O	1.31099999	""	PubChem:(21361853)
ZVOQSWROMQRBBL	InChI=1S/C5H9NO3/c7-3-1-2-6-4-5(8)9/h1-2,6-7H,3-4H2,(H,8,9)	C5H9NO3	826	-282.02056901064196	""	C(=CNCC(=O)O)CO	-0.787	""	PubChem:(88362698)
GNZHLRJPEHPTKQ	InChI=1S/C5H9NO3/c1-3-4(8-2)6-5(7)9-3/h3-4H,1-2H3,(H,6,7)	C5H9NO3	827	-282.0781475875414	(4S,5R)-4-methoxy-5-methyl-1,3-oxazolidin-2-one	CC1C(N=C(O)O1)OC	0.598999977	""	PubChem:(10866370 11423610 14928573 55298980)
DBIVCIBDXPMLFT	InChI=1S/C5H9NO3/c1-4(7)2-3-5(8)6-9/h4,7H,2-3H2,1H3	C5H9NO3	828	-282.1103763169754	""	CC(CCC(=O)N=O)O	-0.541000009	""	PubChem:(118487259)
DPFPGSUYBYQRHK	InChI=1S/C5H9NO3/c7-4(3-1-2-3)6-5(8)9/h3-4,6-7H,1-2H2,(H,8,9)	C5H9NO3	829	-282.1248762834214	""	C1CC1C(NC(=O)O)O	-0.237000003	""	PubChem:(67998242)
KAFJZMUASRAINO	InChI=1S/C5H9NO3/c1-5(6)3(7)2-9-4(5)8/h3,7H,2,6H2,1H3	C5H9NO3	830	-282.22571881967576	""	CC1(C(COC1=O)O)N	-0.674000025	""	PubChem:(69394846)
UKTSDRIRTQTYPZ	InChI=1S/C5H9NO3/c7-5(8)9-4-2-1-3-6-4/h4,6H,1-3H2,(H,7,8)	C5H9NO3	831	-282.22751899512303	pyrrolidin-2-yl hydrogen carbonate	C1CC(NC1)OC(=O)O	0.81400001	""	PubChem:(22448425 66870000)
RMMQKNQPIJLGKP	InChI=1S/C5H9NO3/c1-6-2-3(7)4(8)5(6)9/h3-4,7-8H,2H2,1H3	C5H9NO3	832	-282.36462379540484	""	CN1CC(C(C1=O)O)O	-1.10599995	""	PubChem:(45087467)
HVBHFCWHESGPAK	InChI=1S/C5H9NO3/c1-8-5(7)4-2-9-3-6-4/h4,6H,2-3H2,1H3	C5H9NO3	833	-282.4221771483066	""	COC(=O)C1COCN1	-0.633000016	""	PubChem:(10855486 55286072 68200597)
LJXRKAKAFIYTBY	InChI=1S/C5H9NO3/c1-8-5(7)6-4-2-9-3-4/h4H,2-3H2,1H3,(H,6,7)	C5H9NO3	834	-282.4587375791507	""	COC(=NC1COC1)O	0.00200000009	""	PubChem:(89425399)
USWOOVLJWKMAGS	InChI=1S/C5H9NO3/c7-3-9-5(8)4-1-6-2-4/h4,6-7H,1-3H2	C5H9NO3	835	-282.7345811095623	""	C1C(CN1)C(=O)OCO	-0.797999978	""	PubChem:(70410360)
PYXDKYYHNBADTF	InChI=1S/C5H9NO3/c1-5(8)9-3-2-6-4-7/h4H,2-3H2,1H3,(H,6,7)	C5H9NO3	836	-282.7762355396736	""	CC(=O)OCCN=CO	-0.0769999996	""	PubChem:(55286897)
YADISKICBOYXFS	InChI=1S/C5H11NO4/c1-2-5(3-7,4-8)6(9)10/h7-8H,2-4H2,1H3	C5H11NO4	837	-282.90800360442785	1, 2-ethyl-2-nitro-	CCC(CO)(CO)N(=O)=O	-0.665000021	""	PubChem:(11696)
VUTWWCXWDWFTOQ	InChI=1S/C5H9NO3/c1-4(5(7)8)9-3-2-6/h1-3,6H2,(H,7,8)	C5H9NO3	838	-282.9426212448882	""	C=C(C(=O)O)OCCN	-0.324000001	""	PubChem:(87925829)
HIPFTXPCXJWUSC	InChI=1S/C5H9NO3/c1-5(6)4(8)3(7)2-9-5/h4,8H,2,6H2,1H3	C5H9NO3	839	-283.08833401192845	""	CC1(C(C(=O)CO1)O)N	-0.80400002	""	EcoCyc Mine
WAOGUFFCTORQNG	InChI=1S/C5H9NO3/c1-2-6-5(9)4(8)3-7/h3,7-8H,2H2,1H3,(H,6,9)	C5H9NO3	840	-283.1276257517865	""	CCN=C(C(=CO)O)O	0.425000012	""	PubChem:(87260349)
VBFVNXAGGGDHLJ	InChI=1S/C5H9NO3/c1-2-4(3-7)9-5(6)8/h2,4,7H,1,3H2,(H2,6,8)	C5H9NO3	841	-283.129374489533	""	C=CC(CO)OC(=N)O	0.505999982	""	PubChem:(87503669)
KSCFIWOWDLLRDI	InChI=1S/C5H9NO3/c1-4(7)6-2-5(8)3-9-6/h5,8H,2-3H2,1H3	C5H9NO3	842	-283.1329397733471	""	CC(=O)N1CC(CO1)O	-1.12100005	""	PubChem:(126978275)
VEAZESVBNCVZAY	InChI=1S/C5H11NO4/c1-5(2,8)4(3-7)6(9)10/h4,7-8H,3H2,1-2H3	C5H11NO4	843	-283.2383315363505	""	CC(C)(C(CO)N(=O)=O)O	-0.660000026	""	PubChem:(88804722)
SDYMWFRBSKAAOY	InChI=1S/C5H11NO4/c1-2-9-5(8)4(7)3-10-6/h4,7H,2-3,6H2,1H3	C5H11NO4	844	-283.4914692334073	""	CCOC(=O)C(CON)O	-1.48899996	""	PubChem:(126984609)
HWZCMFJGZXOLOM	InChI=1S/C5H11NO4/c1-5(2,9-3)4-10-6(7)8/h4H2,1-3H3	C5H11NO4	845	-283.5178151899458	""	CC(C)(CON(=O)=O)OC	1.13999999	""	PubChem:(123626106);biological
SHKWVNIEPXYXKZ	InChI=1S/C5H11NO4/c1-9-2-3-10-6-5(8)4-7/h7H,2-4H2,1H3,(H,6,8)	C5H11NO4	846	-283.53036860064594	""	COCCON=C(CO)O	-0.469000012	""	PubChem:(53833170)
LHBIAVBWZRAJBW	InChI=1S/C5H9NO3/c1-4(2)6-9-5(7)8-3/h1-3H3	C5H9NO3	847	-283.6261057801908	""	CC(=NOC(=O)OC)C	1.06400001	""	PubChem:(11062423)
CERDWEHLAHPZNA	InChI=1S/C5H9NO3/c1-2-3-4(7)6-5(8)9/h2,4,6-7H,1,3H2,(H,8,9)	C5H9NO3	848	-283.66864532305254	""	C=CCC(NC(=O)O)O	0.00899999961	""	PubChem:(88615555)
CJWRADLQSDZJDR	InChI=1S/C5H9NO3/c1-4(7)5(2,3)6(8)9/h1-3H3	C5H9NO3	849	-283.7741569362968	""	CC(=O)C(C)(C)N(=O)=O	0.630999982	""	PubChem:(12492756)
SVXPSKKRNACRPB	InChI=1S/C5H9NO3/c1-4(7)6(2)3-5(8)9/h3H2,1-2H3,(H,8,9)	C5H9NO3	850	-283.93369579269773	Glycine, N-acetyl-N-methyl-	CC(=O)N(C)CC(=O)O	-0.765999973	""	PubChem:(10975514 20740818 22706918)
MHPFDWUQTUHBAC	InChI=1S/C5H9NO3/c1-3(5(7)8)4(2)9-6/h3H,2,6H2,1H3,(H,7,8)	C5H9NO3	851	-284.16908973070446	""	CC(C(=C)ON)C(=O)O	-0.904999971	""	PubChem:(89468984)
CELDCQCHPRTNTD	InChI=1S/C5H9NO3/c1-4(5-2-3-5)9-6(7)8/h4-5H,2-3H2,1H3	C5H9NO3	852	-284.27918313872226	""	CC(C1CC1)ON(=O)=O	1.65100002	""	PubChem:(92011236)
WYIUDZQATSBUMJ	InChI=1S/C5H9NO3/c1-8-5(7)9-4-2-3-6-4/h4,6H,2-3H2,1H3	C5H9NO3	853	-284.2870700074699	azetidin-2-yl methyl carbonate	COC(=O)OC1CCN1	0.77700001	""	PubChem:(17993296 70352498)
XAHSHTRJYMNYSX	InChI=1S/C5H9NO3/c1-3-4(6-8)5(7)9-2/h8H,3H2,1-2H3	C5H9NO3	854	-284.3094658064366	Butanoic acid, 2-(hydroxyimino)-, methyl ester	CCC(=NO)C(=O)OC	0.391000003	""	PubChem:(19738587 88465644)
ZWBOQGWIIMNKKC	InChI=1S/C5H9NO3/c1-6-5(7)9-4-2-3-8-4/h4H,2-3H2,1H3,(H,6,7)	C5H9NO3	855	-284.3103261167229	oxetan-2-yl N-methylcarbamate	CN=C(O)OC1CCO1	0.597000003	""	PubChem:(20764471)
SLDGUIZDBMQCBC	InChI=1S/C5H9NO3/c1-6-5(8)2-4(3-7)9-6/h4,7H,2-3H2,1H3	C5H9NO3	856	-284.32678959564765	""	CN1C(=O)CC(CO)O1	-1.29100001	""	PubChem:(14339778 14339779 14339780)
ZJNNLQOHOGVNII	InChI=1S/C5H9NO3/c1-4(5(2)7)3-6(8)9/h4H,3H2,1-2H3	C5H9NO3	857	-284.38636766906137	""	CC(CN(=O)=O)C(=O)C	-0.231999993	""	PubChem:(12506516 89550009)
OQNBGNDWGGJWQB	InChI=1S/C5H9NO3/c1-2-3(7)4(6)5(8)9/h7H,2,6H2,1H3,(H,8,9)	C5H9NO3	858	-284.39473957295024	""	CCC(=C(C(=O)O)N)O	-2.29399991	""	PubChem:(88047152)
RLOIBFWUFBZUKA	InChI=1S/C5H9NO3/c1-9-4-2-3(4)6-5(7)8/h3-4,6H,2H2,1H3,(H,7,8)	C5H9NO3	859	-284.47201881676096	""	COC1CC1NC(=O)O	-0.407999992	""	PubChem:(91613377)
UTLLPRTZQGXRMK	InChI=1S/C5H9NO3/c1-4(7)2-6-3-5(8)9/h6-7H,1-3H2,(H,8,9)	C5H9NO3	860	-284.6406959856539	2-(2-hydroxyprop-2-enylamino)acetic acid	C=C(CNCC(=O)O)O	-0.592999995	""	PubChem:(59294125)
QLOOATPCEUWARP	InChI=1S/C5H9NO3/c1-4(5(7)8)2-3-9-6/h2H,3,6H2,1H3,(H,7,8)	C5H9NO3	861	-284.675064196175	""	CC(=CCON)C(=O)O	-0.841000021	""	PubChem:(104867436)
IGOVRXVCXZAQST	InChI=1S/C5H11NO4/c1-2-10-5(9)6-3-4(7)8/h4,7-8H,2-3H2,1H3,(H,6,9)	C5H11NO4	862	-284.6806870313243	""	CCOC(=NCC(O)O)O	-0.522000015	""	PubChem:(18954626)
GSVVYJYRZHADBO	InChI=1S/C5H11NO4/c1-9-2-3-10-4-5(7)6-8/h8H,2-4H2,1H3,(H,6,7)	C5H11NO4	863	-284.6933577067217	""	COCCOCC(=NO)O	-0.545000017	""	PubChem:(103606730)
GFKFKMJSPWTXHX	InChI=1S/C5H9NO3/c1-4(3-6-8)9-5(2)7/h3-4,8H,1-2H3	C5H9NO3	864	-284.71428769004973	""	CC(C=NO)OC(=O)C	0.805999994	""	PubChem:(102320866)
CRSDMXDBIZWXNX	InChI=1S/C5H9NO3/c7-5(8)4-1-2-6(9)3-4/h4,6H,1-3H2,(H,7,8)	C5H9NO3	865	-284.933204639588	""	C1CN(=O)CC1C(=O)O	-1.23699999	""	PubChem:(87071694)
LIDALUYLIQXMAM	InChI=1S/C5H9NO3/c1-5(7)9-6(8)3-2-4-6/h2-4H2,1H3	C5H9NO3	866	-285.23898376843164	""	CC(=O)ON1(=O)CCC1	0.474000007	""	PubChem:(87410389)
VDJAUEUNWSGNOU	InChI=1S/C5H9NO3/c7-3-1-5(6-9)2-4-8/h1,3,6,8-9H,2,4H2	C5H9NO3	867	-285.3925607934299	""	C(=C(CCO)NO)C=O	-0.967000008	""	PubChem:(87582005)
GTTKZPZHIIAOOV	InChI=1S/C5H9NO3/c1-5(9)2-6(3-5)4(7)8/h9H,2-3H2,1H3,(H,7,8)	C5H9NO3	868	-285.437828295256	""	CC1(CN(C1)C(=O)O)O	-0.763000011	""	PubChem:(89407438)
NOGODPXRSZBASZ	InChI=1S/C5H9NO3/c1-6-2-4(3-7)9-5(6)8/h4,7H,2-3H2,1H3	C5H9NO3	869	-285.5203569431505	2-Oxazolidinone, 5-(hydroxymethyl)-3-methyl-	CN1CC(CO)OC1=O	-0.859000027	""	PubChem:(14456876 45087456 55252549)
XUOARDLJYIUVLJ	InChI=1S/C5H9NO3/c1-8-3-4-2-6-5(7)9-4/h4H,2-3H2,1H3,(H,6,7)	C5H9NO3	870	-285.59378481654403	5-(methoxymethyl)-2-oxazolidinone	COCC1CN=C(O)O1	-0.064000003	""	PubChem:(10313149 15550531 90284361)
PGXHXRGIDMHAKE	InChI=1S/C5H9NO3/c7-4-2-1-3-6(4)5(8)9/h5,8-9H,1-3H2	C5H9NO3	871	-285.67551360386267	""	C1CC(=O)N(C1)C(O)O	-0.419	""	PubChem:(91601505)
ZDHBVCASMMWVMV	InChI=1S/C5H9NO3/c1-9-4(7)5(8)2-6-3-5/h6,8H,2-3H2,1H3	C5H9NO3	872	-285.7678912975288	methyl 3-hydroxyazetidine-3-carboxylate	COC(=O)C1(CNC1)O	-0.744000018	""	PubChem:(59559320)
DFXGICLOOTUOPI	InChI=1S/C5H9NO3/c7-5(8)3-6-1-2-9-4-6/h1-4H2,(H,7,8)	C5H9NO3	873	-285.7778806325795	2-(1,3-oxazolidin-3-yl)acetic acid	C1COCN1CC(=O)O	-0.818000019	""	PubChem:(21951672)
JYHQOIVLTCQKRQ	InChI=1S/C5H9NO3/c1-3(2)4(6-9)5(7)8/h3,9H,1-2H3,(H,7,8)	C5H9NO3	874	-285.8204289890886	Butanoic acid, 2-(hydroxyimino)-3-methyl-	CC(C)C(=NO)C(=O)O	0.363000005	""	PubChem:(13012724 20401633 73164534)
WAIIHWSIUNWYRT	InChI=1S/C5H9NO3/c1-2-5(8)3-9-4(7)6-5/h8H,2-3H2,1H3,(H,6,7)	C5H9NO3	875	-285.9989208783402	4-ethyl-4-hydroxy-1,3-oxazolidin-2-one	CCC1(COC(=N1)O)O	0.0879999995	""	PubChem:(19933761)
ZMCKRMKVKPPLDE	InChI=1S/C5H9NO3/c1-4(7)9-5(2,3)6-8/h1-3H3	C5H9NO3	876	-286.1316668274541	2-nitrosopropan-2-yl acetate	CC(=O)OC(C)(C)N=O	0.634000003	""	PubChem:(537433)
XEEIEJBRTRHMQP	InChI=1S/C5H9NO3/c1-3(2-6)4(7)5(8)9/h2-4,6-7H,1H3,(H,8,9)	C5H9NO3	877	-286.22168006273085	2-hydroxy-4-imino-3-methylbutanoic acid	CC(C=N)C(C(=O)O)O	-0.361000001	""	PubChem:(18716121 59883457)
GJVOJQYNNBGDBX	InChI=1S/C5H11NO4/c1-10-4(3-7)2-6-5(8)9/h4,6-7H,2-3H2,1H3,(H,8,9)	C5H11NO4	878	-286.6502132690425	""	COC(CNC(=O)O)CO	-1.30200005	""	PubChem:(122437086)
VXHPJUGRGNVHLL	InChI=1S/C5H9NO3/c7-4-2-1-3-6-5(8)9/h1,3,6-7H,2,4H2,(H,8,9)	C5H9NO3	879	-287.26652902283314	""	C(=CNC(=O)O)CCO	-0.552999973	""	PubChem:(87555991)
ZCZKHHKUNJOTGR	InChI=1S/C5H9NO3/c7-3-5(4-8)6-1-2-9-5/h3,6,8H,1-2,4H2	C5H9NO3	880	-287.3650532695959	""	C1COC(C=O)(CO)N1	-1.56200004	""	PubChem:(87901978)
WZWRLKHEOADUNI	InChI=1S/C5H9NO3/c1-4(8-2)6-5(7)9-3/h1-3H3	C5H9NO3	881	-287.5560979040995	methyl (1Z)-N-methoxycarbonylethanimidate	CC(=NC(=O)OC)OC	0.407000005	""	PubChem:(20670366 59961054 73694617)
JXGWJLRIPCOHMN	InChI=1S/C5H9NO3/c1-3(4(2)7)6-5(8)9/h3,6H,1-2H3,(H,8,9)	C5H9NO3	882	-287.64749945172576	""	CC(C(=O)C)NC(=O)O	-0.26699999	""	PubChem:(87278917 87567992 90176721)
TWECOAGUACYBTE	InChI=1S/C5H9NO3/c1-5(4-7)2-3-6(8)9/h4-5H,2-3H2,1H3	C5H9NO3	883	-287.68937329283136	(2R)-2-methyl-4-nitrobutanal	CC(CCN(=O)=O)C=O	0.275000006	""	PubChem:(59336238 72258078 88882132)
NIQNYQVRIZYMAW	InChI=1S/C5H9NO3/c1-8-3-4-2-5(7)6-9-4/h4H,2-3H2,1H3,(H,6,7)	C5H9NO3	884	-287.80970156320797	""	COCC1CC(=NO1)O	0.224999994	""	PubChem:(58071867)
ZGGCDGOPZMWJRD	InChI=1S/C5H9NO3/c6-5(7)9-4-2-1-3-8-4/h4H,1-3H2,(H2,6,7)	C5H9NO3	885	-287.95065189098574	oxolan-2-yl carbamate	C1CC(OC1)OC(=N)O	0.986999989	""	PubChem:(20464823)
PECVRDIASOWVBD	InChI=1S/C5H9NO3/c1-9-3-2-6-4-5(7)8/h4H,2-3H2,1H3,(H,7,8)	C5H9NO3	886	-287.9855317509482	""	COCCN=CC(=O)O	-0.588999987	""	PubChem:(88191264)
UZRDCNJJMJEMPF	InChI=1S/C5H9NO3/c7-6-9-5-3-1-2-4-8-5/h5H,1-4H2	C5H9NO3	887	-288.3384100622891	""	C1CCOC(C1)ON=O	1.70000005	""	PubChem:(126761497)
YNXLBCWYAAPNQK	InChI=1S/C5H11NO4/c1-5(2-7,3-8)6-4(9)10/h6-8H,2-3H2,1H3,(H,9,10)	C5H11NO4	888	-288.40744923624334	""	CC(CO)(CO)NC(=O)O	-1.40400004	""	PubChem:(54518237)
VHXYTOMDGGTCMW	InChI=1S/C5H9NO3/c1-3-7-4-2-6(1)5-8-9-5/h5H,1-4H2	C5H9NO3	889	-288.5514418912028	""	C1COCCN1C2OO2	-0.300000012	""	PubChem:(88339189)
MBFOVGPYABECKE	InChI=1S/C5H11NO4/c1-5(6,2-7)4(9)10-3-8/h7-8H,2-3,6H2,1H3	C5H11NO4	890	-288.70271609449816	""	CC(CO)(C(=O)OCO)N	-1.93099999	""	PubChem:(87391764)
GJZIQWDDCYOUOR	InChI=1S/C5H11NO4/c1-5(2,3-7)4-10-6(8)9/h7H,3-4H2,1-2H3	C5H11NO4	891	-288.7773814043056	(3-hydroxy-2,2-dimethylpropyl) nitrate	CC(C)(CO)CON(=O)=O	0.79400003	""	PubChem:(58812415)
OWTYTOLPHRGLEE	InChI=1S/C5H11NO4/c1-9-6-5(8)4-10-3-2-7/h7H,2-4H2,1H3,(H,6,8)	C5H11NO4	892	-288.87027195985644	""	CON=C(COCCO)O	-0.469000012	""	PubChem:(126994472)
NYNPIIHFVAUZRG	InChI=1S/C5H9NO3/c1-2-9-5(8)6-3-4-7/h2,7H,1,3-4H2,(H,6,8)	C5H9NO3	893	-289.05840240986504	""	C=COC(=NCCO)O	0.0430000015	""	PubChem:(10464374)
PQNDPDPSBMIYMC	InChI=1S/C5H9NO3/c1-8-2-4-3-9-5(7)6-4/h4H,2-3H2,1H3,(H,6,7)	C5H9NO3	894	-289.13199831610495	""	COCC1COC(=N1)O	0.00200000009	""	PubChem:(58484543 59974597 86694353)
XCUJKEKGCHWNOG	InChI=1S/C5H9NO3/c1-2-4(3-7)6-5(8)9/h3-4,6H,2H2,1H3,(H,8,9)	C5H9NO3	895	-289.1818088833626	1-oxobutan-2-ylcarbamic acid	CCC(C=O)NC(=O)O	0.239999995	""	PubChem:(21962762 87270840)
QAKDNTDARJHJIB	InChI=1S/C5H9NO3/c1-3-4(7)6(2)5(8)9-3/h3-4,7H,1-2H3	C5H9NO3	896	-289.18414929447954	2-Oxazolidinone, 4-hydroxy-3,5-dimethyl-	CC1C(N(C)C(=O)O1)O	-0.261999995	""	PubChem:(13892520)
XAZAHGHPVXKSQO	InChI=1S/C5H9NO3/c1-5(2,6-8)4(7)9-3/h1-3H3	C5H9NO3	897	-289.47808813110896	methyl 2-methyl-N-oxoalaninate	CC(C)(C(=O)OC)N=O	0.335000008	""	PubChem:(140277)
SCJLZHLHNYKNKV	InChI=1S/C5H9NO3/c7-3-5(1-2-5)6-4(8)9/h6-7H,1-3H2,(H,8,9)/p-1	C5H9NO3	898	-289.5923160243179	N-[1-(hydroxymethyl)cyclopropyl]carbamate	C1CC1(CO)NC(=O)O	-0.611999989	""	PubChem:(17957276 17957277)
RVSWWIPKPWMRIM	InChI=1S/C5H11NO4/c1-3-9-5(7)4-6-10-8-2/h6H,3-4H2,1-2H3	C5H11NO4	899	-289.68220630730553	ethyl 2-(methylperoxyamino)acetate	CCOC(=O)CNOOC	0.490999997	""	PubChem:(60099339)
SFIMAWYEOOFZFP	InChI=1S/C5H11NO4/c1-3(4(7)8)6-5(9)10-2/h3,5-6,9H,1-2H3,(H,7,8)	C5H11NO4	900	-289.7309960093827	""	CC(C(=O)O)NC(O)OC	-0.856000006	""	PubChem:(90807663)
DKLCCTQRVLJMJY	InChI=1S/C5H9NO3/c1-4(2)5(3-7)6(8)9/h5,7H,1,3H2,2H3	C5H9NO3	901	-289.7678234128541	""	C=C(C)C(CO)N(=O)=O	-0.195999995	""	PubChem:(15931041)
KBBBEZTZNRHMND	InChI=1S/C5H11NO4/c1-2-3-4-5(7,8)6(9)10/h7-8H,2-4H2,1H3	C5H11NO4	902	-290.06919879439744	1-nitropentane-1,1-diol	CCCCC(N(=O)=O)(O)O	0.746999979	""	PubChem:(21218501)
PTHBKDSNXVHKCJ	InChI=1S/C5H9NO3/c1-6-3-2-4(6)9-5(7)8/h4H,2-3H2,1H3,(H,7,8)	C5H9NO3	903	-290.98589840000864	""	CN1CCC1OC(=O)O	0.266000003	""	PubChem:(66769001)
NIHVBIXVIMQNPI	InChI=1S/C5H11NO4/c1-3-9-5(2)4-10-6(7)8/h5H,3-4H2,1-2H3	C5H11NO4	904	-290.9929002852768	2-ethoxypropyl nitrate	CCOC(C)CON(=O)=O	1.14600003	""	PubChem:(20459324)
OKOALLPJHHNGQB	InChI=1S/C5H11NO4/c1-2-3-5(8,9)10-4(6)7/h8-9H,2-3H2,1H3,(H2,6,7)	C5H11NO4	905	-291.0888336121899	""	CCCC(O)(O)OC(=N)O	0.734000027	""	PubChem:(87852921)
HXRGLZBXQBLVTG	InChI=1S/C5H9NO3/c1-3(4-2-9-4)6-5(7)8/h3-4,6H,2H2,1H3,(H,7,8)	C5H9NO3	906	-291.220167699051	""	CC(C1CO1)NC(=O)O	-0.342999995	""	PubChem:(87698799 87829068 90074317 90760985 126715243)
WQZDAIDBWOXOJX	InChI=1S/C5H9NO3/c1-4(2-3-7)5(8)9-6/h3-4H,2,6H2,1H3	C5H9NO3	907	-291.2786262842957	amino (2R)-2-methyl-4-oxobutanoate	CC(CC=O)C(=O)ON	-1.06200004	""	PubChem:(59815867)
SCBUFYVVERILJB	InChI=1S/C5H9NO3/c1-2-5(4-7)3-6(8)9/h4-5H,2-3H2,1H3	C5H9NO3	908	-291.5018575634992	""	CCC(CN(=O)=O)C=O	0.486000001	""	PubChem:(88262728)
JXVHGKLCTWBYLV	InChI=1S/C5H11NO4/c1-9-2-3-10-5(8)6-4-7/h7H,2-4H2,1H3,(H,6,8)	C5H11NO4	909	-291.71382701109445	2-methoxyethyl(hydroxymethyl)carbamate	COCCOC(=NCO)O	-0.463	""	PubChem:(85538)
OVDLBEYAWZETLL	InChI=1S/C5H9NO3/c1-4(3-7)5(8)6-9-2/h7H,1,3H2,2H3,(H,6,8)	C5H9NO3	910	-291.71420928833805	2-(hydroxymethyl)-N-methoxyprop-2-enamide	C=C(CO)C(=NOC)O	0.194000006	""	PubChem:(20068417)
GFRQWJBXOIVKBS	InChI=1S/C5H9NO3/c1-2-4(7)3-6-5(8)9/h2,4,6-7H,1,3H2,(H,8,9)	C5H9NO3	911	-291.7687169719547	""	C=CC(CNC(=O)O)O	-0.430999994	""	PubChem:(118525656)
LCMHSQLKZAGZME	InChI=1S/C5H9NO3/c1-2-8-5(7)6-4-3-9-4/h4H,2-3H2,1H3,(H,6,7)	C5H9NO3	912	-291.77277120444336	""	CCOC(=NC1CO1)O	0.561999977	""	PubChem:(87139328)
MEZRXJCIHQGCLX	InChI=1S/C5H9NO3/c1-4(6(2)8)5(7)9-3/h1-3H3	C5H9NO3	913	-291.97601219004457	""	CC(=N(=O)C)C(=O)OC	-0.0149999997	""	PubChem:(11116100 85404785)
GCDSPLNVAMRZAF	InChI=1S/C5H9NO3/c7-4-9-5(8)6-2-1-3-6/h7H,1-4H2	C5H9NO3	914	-292.5558897821011	""	C1CN(C1)C(=O)OCO	-0.400999993	""	PubChem:(118110943)
XJLGQCKKDIZXDD	InChI=1S/C5H11NO4/c7-4-2-1-3-6(4)5(8,9)10/h4,7-10H,1-3H2	C5H11NO4	915	-292.5736653350757	""	C1CC(N(C1)C(O)(O)O)O	-0.363999993	""	PubChem:(91223999)
MBGQSVGJHSCMFS	InChI=1S/C5H9NO3/c1-3(2)4(6-9)5(7)8/h3-4H,1-2H3,(H,7,8)	C5H9NO3	916	-292.58650046502146	""	CC(C)C(C(=O)O)N=O	0.155000001	""	PubChem:(23615191 71650555);EcoCyc Mine
ALNBSBNUZMWFSY	InChI=1S/C5H9NO3/c1-4(2)9-6-3-5(7)8/h3-4H,1-2H3,(H,7,8)	C5H9NO3	917	-292.5916783963381	(2E)-2-propan-2-yloxyiminoacetate	CC(C)ON=CC(=O)O	1.11399996	""	PubChem:(14307551 17764995 56634261);biological
QWNIBSAFSRWCKM	InChI=1S/C5H9NO3/c1-7-4-6-5(8-2)9-3/h1H,4H2,2-3H3	C5H9NO3	918	-292.7397348738268	""	[CH-]=[O+]CN=C(OC)OC	0.296000004	""	PubChem:(121216114)
SPQBCTYUJVFFIU	InChI=1S/C5H9NO3/c1-4(2)6-9-3-5(7)8/h6H,1,3H2,2H3,(H,7,8)	C5H9NO3	919	-292.74945663652755	""	C=C(C)NOCC(=O)O	0.43599999	""	PubChem:(57192205)
MOKDVDXMMSCFHC	InChI=1S/C5H11NO4/c1-9-5(10-2)3-4-6(7)8/h5H,3-4H2,1-2H3	C5H11NO4	920	-292.87935004679593	1,1-dimethoxy-3-nitropropane	COC(CCN(=O)=O)OC	-0.178000003	""	PubChem:(4913072)
IFDYYXBLTMOIOS	InChI=1S/C5H9NO3/c1-6(3-4-7)5(8)9-2/h4H,3H2,1-2H3	C5H9NO3	921	-293.1691762615596	""	CN(CC=O)C(=O)OC	-0.180999994	""	PubChem:(45087496)
OVVPPTJTSLNXLC	InChI=1S/C5H9NO3/c1-2-9-6-3-4(6)5(7)8/h4H,2-3H2,1H3,(H,7,8)	C5H9NO3	922	-293.2510391435703	1-ethoxyaziridine-2-carboxylic acid	CCON1CC1C(=O)O	-0.532000005	""	PubChem:(20284032)
LIPZBIGWJNGUAJ	InChI=1S/C5H9NO3/c7-5(8)4-6-2-1-3-9-4/h4,6H,1-3H2,(H,7,8)	C5H9NO3	923	-293.2894921937355	1,3-oxazinane-2-carboxylic acid	C1CNC(C(=O)O)OC1	-0.596000016	""	PubChem:(59751190)
OEUPRCWCNYPXKA	InChI=1S/C5H9NO3/c1-3(2)4(7)9-5(6)8/h7H,1-2H3,(H2,6,8)	C5H9NO3	924	-293.55119278861486	""	CC(=C(O)OC(=N)O)C	1.20000005	""	PubChem:(21426948)
LSEJDWHRXHAYPI	InChI=1S/C5H9NO3/c1-2-9-5(7)3-4-6-8/h4,8H,2-3H2,1H3	C5H9NO3	925	-293.69648910842403	""	CCOC(=O)CC=NO	0.522000015	""	PubChem:(12659595 85827159 101001633)
UQIVAZLWXPNJDX	InChI=1S/C5H11NO4/c1-5(4-6(8)9)10-3-2-7/h5,7H,2-4H2,1H3	C5H11NO4	926	-293.77608308016886	2-(1-nitropropan-2-yloxy)ethanol	CC(CN(=O)=O)OCCO	-0.768999994	""	PubChem:(177110)
SHEGEWUTAQTENF	InChI=1S/C5H9NO3/c7-4-6-9-3-5(8)1-2-5/h4,8H,1-3H2,(H,6,7)	C5H9NO3	927	-293.89524978943166	""	C1CC1(CON=CO)O	0.349999994	""	PubChem:(123999801)
SZBYFCQXULOKNX	InChI=1S/C5H11NO4/c1-10-3-4(2-7)6-5(8)9/h4,6-7H,2-3H2,1H3,(H,8,9)	C5H11NO4	928	-293.9057582211762	""	COCC(CO)NC(=O)O	-1.30200005	""	PubChem:(87321306 87853138 90303461)
NVLMGKWDOHQMGY	InChI=1S/C5H9NO3/c6-5(7)9-4-1-2-8-3-4/h4H,1-3H2,(H2,6,7)	C5H9NO3	929	-294.1112894132259	oxolan-3-yl carbamate	C1COCC1OC(=N)O	0.492000014	""	PubChem:(17894354);KEGG Mine
OJNHERVKFUWZGH	InChI=1S/C5H9NO3/c7-5(8)9-6-3-1-2-4-6/h1-4H2,(H,7,8)	C5H9NO3	930	-294.3623101613448	pyrrolidin-1-yl hydrogen carbonate	C1CCN(C1)OC(=O)O	-0.00400000019	""	PubChem:(19043560)
VACHOTABWGTPPE	InChI=1S/C5H9NO3/c1-9-5-4(8)3(2-7)6-5/h3,6-8H,2H2,1H3	C5H9NO3	931	-294.3893660895254	""	COC1=C(C(CO)N1)O	0.574999988	""	PubChem:(89088864)
YGMPYRLXLZLYPR	InChI=1S/C5H9NO3/c1-4(2)5(7)3-6(8)9/h4H,3H2,1-2H3	C5H9NO3	932	-294.7255696448038	2-Butanone, 3-methyl-1-nitro-	CC(C)C(=O)CN(=O)=O	0.843999982	""	PubChem:(13130342)
BBMUQNTYSCQKGH	InChI=1S/C5H9NO3/c1-8-5(7)9-6-3-2-4-6/h2-4H2,1H3	C5H9NO3	933	-294.7324485874423	""	COC(=O)ON1CCC1	-0.0410000011	""	PubChem:(117899953)
GJWMDPMZPAMSET	InChI=1S/C5H9NO3/c6-5(9)4(3-8)1-2-7/h1,7-8H,2-3H2,(H2,6,9)	C5H9NO3	934	-294.84052663691426	(Z)-4-hydroxy-2-(hydroxymethyl)but-2-enamide	C(=C(CO)C(=N)O)CO	-0.962000012	""	PubChem:(22023491)
SQXWAJOTSILPAW	InChI=1S/C5H11NO4/c1-6-3-4(7,8)2-5(6,9)10/h7-10H,2-3H2,1H3	C5H11NO4	935	-294.9976310903494	""	CN1CC(CC1(O)O)(O)O	-2.15199995	""	PubChem:(91211829)
POCSOOSZLMQUAC	InChI=1S/C5H9NO3/c1-5(8)9-4-6(2)3-7/h3H,4H2,1-2H3	C5H9NO3	936	-295.00905583967216	[formyl(methyl)amino]methyl acetate	CC(=O)OCN(C)C=O	-0.216000006	""	PubChem:(164861)
XJUSRAJAEPIPIY	InChI=1S/C5H9NO3/c1-2-3-9-5(8)4(6)7/h2-3H2,1H3,(H2,6,7)	C5H9NO3	937	-295.05034672571634	""	CCCOC(=O)C(=O)N	-0.31400001	""	PubChem:(54473327);biological
CNJWOVAZTZDHNT	InChI=1S/C5H9NO3/c1-3(7)4(2)9-5(6)8/h4H,1-2H3,(H2,6,8)	C5H9NO3	938	-295.0571060828043	3-oxobutan-2-yl carbamate	CC(=O)C(C)OC(=N)O	0.670000017	""	PubChem:(20975714)
QIIKMIGNFNUADV	InChI=1S/C5H11NO4/c1-9-2-3-10-5(8)4(6)7/h5,8H,2-3H2,1H3,(H2,6,7)	C5H11NO4	939	-295.0975781497771	""	COCCOC(C(=N)O)O	-0.851000011	""	PubChem:(88653416)
AUIQUBRLOVENFX	InChI=1S/C5H9NO3/c1-5(2,4(7)8)9-6-3/h3H2,1-2H3,(H,7,8)	C5H9NO3	940	-295.1055296793733	""	CC(C)(C(=O)O)ON=C	0.876999974	""	PubChem:(89986494)
ZMTCBTUFPHUEAG	InChI=1S/C5H9NO3/c1-6(2)5(8)9-4-3-7/h3H,4H2,1-2H3	C5H9NO3	941	-295.2678004433225	""	CN(C)C(=O)OCC=O	-0.180999994	""	PubChem:(10103203)
PIRMKMSTVJZOLU	InChI=1S/C5H9NO3/c1-2-3-4-5-9-6(7)8/h2-3H,4-5H2,1H3	C5H9NO3	942	-295.43060085819485	""	CC=CCCON(=O)=O	1.96099997	""	PubChem:(92041086)
KGQWVTVYDXKBKH	InChI=1S/C5H9NO3/c1-4(6-3-7)9-5(2)8/h3-4H,1-2H3,(H,6,7)	C5H9NO3	943	-295.4670459191203	Formamide, N-[1-(acetyloxy)ethyl]-	CC(N=CO)OC(=O)C	0.586000025	""	PubChem:(19991825)
DMJHXMKRXXZYHD	InChI=1S/C5H9NO3/c1-4(2-3-7)9-5(6)8/h3-4H,2H2,1H3,(H2,6,8)	C5H9NO3	944	-295.74034630030536	""	CC(CC=O)OC(=N)O	0.911000013	""	PubChem:(87311597)
ZLUZZLQEPJOAMN	InChI=1S/C5H11NO4/c6-5(10-4-8)3-9-2-1-7/h4-5,7H,1-3,6H2	C5H11NO4	945	-295.7992060816047	""	C(COCC(N)OC=O)O	-1.49600005	""	PubChem:(54553915)
CPYOFTQIFCPNKL	InChI=1S/C5H11NO4/c1-2-3(4(7)8)6-5(9)10/h3-4,6-8H,2H2,1H3,(H,9,10)	C5H11NO4	946	-295.8227682014891	""	CCC(C(O)O)NC(=O)O	-0.865999997	""	PubChem:(87601544)
JCSBCLFGXBMMKN	InChI=1S/C5H11NO4/c1-3(7)6(4(2)8)5(9)10/h3-4,7-8H,1-2H3,(H,9,10)/p-1	C5H11NO4	947	-295.92887074271	bis(1-hydroxyethyl)carbamic acid	CC(N(C(C)O)C(=O)O)O	-0.522000015	""	PubChem:(23322200 23322201)
IKCGPKLSXUKGFJ	InChI=1S/C5H9NO3/c1-4(2-3-7)6-5(8)9/h3-4,6H,2H2,1H3,(H,8,9)	C5H9NO3	948	-296.021351400435	""	CC(CC=O)NC(=O)O	-0.0260000005	""	PubChem:(87349778 87716835 91297255)
KYWNYNLFHKXQKJ	InChI=1S/C5H9NO3/c1-4(7)5(8)6(2)9-3/h1-3H3	C5H9NO3	949	-296.11453339542135	N-Methoxy-N-methyl-2-oxopropanamide	CC(=O)C(=O)N(C)OC	-0.584999979	""	PubChem:(29923348)
GDCFDJYMFJYRGU	InChI=1S/C5H9NO3/c7-3-6-4-1-2-5(8)9-4/h4,6-7H,1-3H2	C5H9NO3	950	-296.2136380379347	""	C1CC(=O)OC1NCO	-0.564999998	""	PubChem:(53831968)
FISNACSSNZLOMQ	InChI=1S/C5H9NO3/c1-3-5(7)9-8-4(2)6/h3-4H,1,6H2,2H3	C5H9NO3	951	-296.2234323512572	""	C=CC(=O)OOC(C)N	0.128999993	""	PubChem:(87843024)
YTMOZEONCUHHNA	InChI=1S/C5H9NO3/c6-5(1-2-5)4(8)9-3-7/h7H,1-3,6H2	C5H9NO3	952	-296.37992652371105	""	C1CC1(C(=O)OCO)N	-1.13900006	""	PubChem:(89348580)
MPVIZADEGCCNGF	InChI=1S/C5H11NO4/c1-5(10-6,3-9-2)4(7)8/h3,6H2,1-2H3,(H,7,8)	C5H11NO4	953	-296.7575261714788	""	CC(COC)(C(=O)O)ON	-1.60399997	""	PubChem:(125457904 125457908)
STXMJFDTONIFCS	InChI=1S/C5H11NO4/c1-8-3-4(10-6)5(7)9-2/h4H,3,6H2,1-2H3	C5H11NO4	954	-296.92017326946626	""	COCC(C(=O)OC)ON	-1.39300001	""	PubChem:(125449210 125449219)
YPHUWLXQOBCRNQ	InChI=1S/C5H9NO3/c1-6(4-7)3-5(8)9-2/h4H,3H2,1-2H3	C5H9NO3	955	-297.0491242183636	Methyl N-formyl-N-methylglycinate	CN(CC(=O)OC)C=O	-0.680999994	""	PubChem:(111692)
FDSIXXYOCXYTBN	InChI=1S/C5H9NO3/c1-6-3-4(7)2-5(8)9/h2,6-7H,3H2,1H3,(H,8,9)	C5H9NO3	956	-297.0628887016862	(Z)-3-hydroxy-4-(methylamino)but-2-enoic acid	CNCC(=CC(=O)O)O	-0.602999985	""	PubChem:(60115211)
OHFNHOIPZWWGCR	InChI=1S/C5H9NO3/c7-4-3-6-2-1-5(8)9-6/h7H,1-4H2	C5H9NO3	957	-297.1831608768756	""	C1CN(CCO)OC1=O	-1.449	""	PubChem:(105427571)
UFXHHNPUXSLYAC	InChI=1S/C5H9NO3/c1-6-5(4(7)8)2-9-3-5/h6H,2-3H2,1H3,(H,7,8)	C5H9NO3	958	-297.3900949128462	""	CNC1(COC1)C(=O)O	-1.40400004	""	PubChem:(80494161)
AVVYNAZUQOYVFJ	InChI=1S/C5H9NO3/c6-2-4-9-3-1-5(7)8/h1,3H,2,4,6H2,(H,7,8)	C5H9NO3	959	-297.396268015754	""	C(=COCCN)C(=O)O	-0.579999983	""	PubChem:(87843029)
ZBTOIAPTUKEQEC	InChI=1S/C5H9NO3/c6-5(2-1-3-5)9-4(7)8/h1-3,6H2,(H,7,8)	C5H9NO3	960	-297.60221017815843	""	C1CC(C1)(N)OC(=O)O	0.776000023	""	PubChem:(68408632)
NLDIBUBKYJOTBE	InChI=1S/C5H9NO3/c1-6-3-5(8,9)2-4(6)7/h8-9H,2-3H2,1H3	C5H9NO3	961	-297.607463409168	""	CN1CC(CC1=O)(O)O	-1.778	""	PubChem:(90830708)
OVWGFLIRMOXZSJ	InChI=1S/C5H11NO4/c1-2-5(8,9)10-4(7)3-6/h8-9H,2-3,6H2,1H3	C5H11NO4	962	-297.6143906445438	""	CCC(O)(O)OC(=O)CN	-1.19500005	""	PubChem:(87372801)
ILKIWMXBYHVTJY	InChI=1S/C5H9NO3/c1-6-2-4(3-6)9-5(7)8/h4H,2-3H2,1H3,(H,7,8)	C5H9NO3	963	-297.71228005345984	""	CN1CC(C1)OC(=O)O	-0.229000002	""	PubChem:(66769256)
JRJLDWZLFWFJNJ	InChI=1S/C5H9NO3/c1-4(5(7)8)2-9-3-6/h2H,3,6H2,1H3,(H,7,8)	C5H9NO3	964	-298.0566199900725	""	CC(=COCN)C(=O)O	-0.261999995	""	PubChem:(87844594)
OBHOTVAHSINVAQ	InChI=1S/C5H11NO4/c1-4(8)6(5(2)9)10-3-7/h3-5,8-9H,1-2H3	C5H11NO4	965	-298.1433558027427	""	CC(N(C(C)O)OC=O)O	-0.819999993	""	PubChem:(87658315)
OHDSBKZFIQXFQP	InChI=1S/C5H11NO4/c7-4(8)2-1-3-5(9,10)6-4/h6-10H,1-3H2	C5H11NO4	966	-298.32443552023636	""	C1CC(NC(C1)(O)O)(O)O	-1.53799999	""	PubChem:(126705169)
KJZSQPDXPASUEN	InChI=1S/C5H9NO3/c1-2-3-4-5(7,8)6-9/h2,7-8H,1,3-4H2	C5H9NO3	967	-298.34001736219847	""	C=CCCC(N=O)(O)O	0.0289999992	""	PubChem:(88688455)
VNUGFBSOERYADX	InChI=1S/C5H11NO4/c1-2-6(8)4-3-5(7)10-9/h8-9H,2-4H2,1H3	C5H11NO4	968	-298.36497450627445	3-[ethyl(hydroxy)amino]propaneperoxoic acid	CCN(CCC(=O)OO)O	-1.36099994	""	PubChem:(23382909)
FQGFTPSQIYQUQK	InChI=1S/C5H11NO4/c1-3(6)4(7)10-5(2,8)9/h3,8-9H,6H2,1-2H3	C5H11NO4	969	-298.4037803069408	""	CC(C(=O)OC(C)(O)O)N	-1.02699995	""	PubChem:(87863954)
DRQPXRWTFNBFAI	InChI=1S/C5H13NO5/c1-2-3-4(7,8)6-5(9,10)11/h6-11H,2-3H2,1H3	C5H13NO5	970	-298.46260521539307	""	CCCC(NC(O)(O)O)(O)O	-1.62399995	""	PubChem:(90785362)
NIVFLDBANLDYDI	InChI=1S/C5H11NO4/c1-6(9)2-3-10-4-5(7)8/h9H,2-4H2,1H3,(H,7,8)	C5H11NO4	971	-298.51452773243926	""	CN(CCOCC(=O)O)O	-1.63300002	""	PubChem:(22990592)
SHMXUIWXXZFCCQ	InChI=1S/C5H11NO4/c1-3-5(9-2)4-10-6(7)8/h5H,3-4H2,1-2H3	C5H11NO4	972	-298.5813362505698	2-methoxybutyl nitrate	CCC(CON(=O)=O)OC	1.08099997	""	PubChem:(20459328)
QWUNQWDQPSVWQE	InChI=1S/C5H9NO3/c1-6-4-9-8-3-2-5(6)7/h2-4H2,1H3	C5H9NO3	973	-298.79394391755005	""	CN1COOCCC1=O	-0.455000013	""	PubChem:(90464740)
JWYAPMDRLIIITO	InChI=1S/C5H9NO3/c1-3(2)4(6-9)5(7)8/h6,9H,1-2H3,(H,7,8)	C5H9NO3	974	-298.92111826499956	""	CC(=C(C(=O)O)NO)C	0.0149999997	""	KEGG Mine
WBNRYEZDZUXSIS	InChI=1S/C5H9NO3/c7-5-9-6(8)3-1-2-4-6/h5H,1-4H2	C5H9NO3	975	-298.95159372028803	""	C1CCN(=O)(C1)OC=O	0.596000016	""	PubChem:(87133413)
RPOLMHSCPNUOMH	InChI=1S/C5H9NO3/c1-5(9-4-8)2-6-3-7/h3-5H,2H2,1H3,(H,6,7)	C5H9NO3	976	-299.09677217136664	[(2R)-1-formamidopropan-2-yl] formate	CC(CN=CO)OC=O	0.147	""	PubChem:(15601479 15601480)
OQPQZJQNBKXXKN	InChI=1S/C5H9NO3/c7-4-6-5-3-8-1-2-9-5/h4-5H,1-3H2,(H,6,7)	C5H9NO3	977	-299.1819333764066	""	C1COC(CO1)N=CO	-0.458000004	""	PubChem:(54342057)
ATCXLDISUYBETR	InChI=1S/C5H9NO3/c6-5-1-7-4(8-2-5)9-3-5/h4H,1-3,6H2	C5H9NO3	978	-299.2728579101743	2,6,7-Trioxabicyclo[2.2.2]octan-4-amine	C1C2(COC(O1)OC2)N	-1.21399999	""	PubChem:(53420099)
GAPDPRASCVEZMY	InChI=1S/C5H9NO3/c6-9-4-2-1-3-8-5(4)7/h4H,1-3,6H2	C5H9NO3	979	-299.4635955755481	""	C1CC(C(=O)OC1)ON	-0.268000007	""	PubChem:(123426696)
VOWRRTBISOBJOF	InChI=1S/C5H9NO3/c1-2-3-4-5-9-6(7)8/h2H,1,3-5H2	C5H9NO3	980	-299.7855783567971	""	C=CCCCON(=O)=O	2.00600004	""	PubChem:(10197710)
QUVGSOFBCJZNFQ	InChI=1S/C5H11NO4/c7-2-4-10-3-1-6-5(8)9/h6-7H,1-4H2,(H,8,9)	C5H11NO4	981	-300.1108183275016	N-[2-(2-hydroxyethoxy)ethyl]carbamate	C(COCCO)NC(=O)O	-1.33899999	""	PubChem:(13760266 17963373)
RKICBBPLVRKYKG	InChI=1S/C5H9NO3/c1-9-4(2-3-6)5(7)8/h2H,3,6H2,1H3,(H,7,8)	C5H9NO3	982	-300.16161270270015	""	COC(=CCN)C(=O)O	-0.338999987	""	PubChem:(89160211)
CAGCOEBHBUPUFZ	InChI=1S/C5H9NO3/c7-5(8)6-4-2-1-3-9-4/h4,6H,1-3H2,(H,7,8)	C5H9NO3	983	-300.1871385093601	""	C1CC(NC(=O)O)OC1	0.0500000007	""	PubChem:(67726693);biological
IKDUMXYSEOMKKC	InChI=1S/C5H11NO4/c1-3(2-4(7)8)6-5(9)10/h3-4,6-8H,2H2,1H3,(H,9,10)	C5H11NO4	984	-300.28439389016614	""	CC(CC(O)O)NC(=O)O	-0.865999997	""	PubChem:(89761148)
IVMQYYRKFGZMQJ	InChI=1S/C5H9NO3/c1-6-5(7)3-2-4-9-8/h2-3,8H,4H2,1H3,(H,6,7)	C5H9NO3	985	-300.3315520551619	(E)-4-hydroperoxy-N-methylbut-2-enamide	CN=C(C=CCOO)O	-0.0879999995	""	PubChem:(22956084 59902840)
NFDHMMKRDCUCRV	InChI=1S/C5H9NO3/c7-4-2-1-3-6-5(8)9/h1-2,6-7H,3-4H2,(H,8,9)	C5H9NO3	986	-300.44346794825816	""	C(=CCO)CNC(=O)O	-0.549000025	""	PubChem:(87075723)
PIXVESSFGMVHIC	InChI=1S/C5H9NO3/c1-3-5(8,6-3)4(7)9-2/h3,6,8H,1-2H3	C5H9NO3	987	-300.5182322430613	""	CC1C(C(=O)OC)(N1)O	-1.005	""	PubChem:(123719519)
BNPNDLXNONIZKN	InChI=1S/C5H9NO3/c1-3-9-5(8)6(2)4-7/h4H,3H2,1-2H3	C5H9NO3	988	-300.57286655645385	""	CCOC(=O)N(C)C=O	0.660000026	""	PubChem:(54407895)
HBMLQJYMRCMVHF	InChI=1S/C5H11NO4/c1-2-5(9,10)6-3-4(7)8/h6,9-10H,2-3H2,1H3,(H,7,8)	C5H11NO4	989	-300.62470026254476	""	CCC(NCC(=O)O)(O)O	-1.12600005	""	PubChem:(87134092)
VYYQMENYDJKXHK	InChI=1S/C5H11NO4/c1-4(6(7)8)5(9-2)10-3/h4-5H,1-3H3	C5H11NO4	990	-300.70123703879045	""	CC(C(OC)OC)N(=O)=O	0.0979999974	""	PubChem:(88767426)
JIAZBCRXYVCDFA	InChI=1S/C5H9NO3/c1-5(2,9)3(7)4(6)8/h9H,1-2H3,(H2,6,8)	C5H9NO3	991	-300.7954585663692	""	CC(C)(C(=O)C(=O)N)O	-1.55499995	""	PubChem:(57112849);KEGG Mine
DZAQGEWOIWZNBW	InChI=1S/C5H11NO4/c1-8-3-4-10-6-5(7)9-2/h3-4H2,1-2H3,(H,6,7)	C5H11NO4	992	-300.91671618744715	""	COCCON=C(O)OC	0.739000022	""	PubChem:(115674815)
JUIAYHVRSGDQRC	InChI=1S/C5H9NO3/c1-3(2)9-5(8)4(6)7/h3H,1-2H3,(H2,6,7)	C5H9NO3	993	-300.9340600303492	Acetic acid, aminooxo-, 1-methylethyl ester	CC(C)OC(=O)C(=O)N	-0.211999997	""	PubChem:(15120458)
JHAGTSZFWUHBEO	InChI=1S/C5H9NO3/c1-2-4(7)3-9-5(6)8/h2,4,7H,1,3H2,(H2,6,8)	C5H9NO3	994	-301.3438202306874	2-hydroxybut-3-enyl carbamate	C=CC(COC(=N)O)O	0.505999982	""	PubChem:(59886958)
BLBIMKQAIBOZIP	InChI=1S/C5H9NO3/c1-3-5(6,9-2)4(7)8/h3H,1,6H2,2H3,(H,7,8)	C5H9NO3	995	-301.65932347725004	2-amino-2-methoxybut-3-enoic acid	C=CC(C(=O)O)(N)OC	-2.83200002	""	PubChem:(20395124)
BMWICFWZJIIGKO	InChI=1S/C5H9NO3/c1-3(6)5(8)9-4(2)7/h4,6-7H,1-2H3	C5H9NO3	996	-301.72639030125225	""	CC(=N)C(=O)OC(C)O	0.188999996	""	PubChem:(57039853)
ZCGJRLXCWZCTOU	InChI=1S/C5H9NO3/c1-3-6(2)4(7)5(8)9/h3H2,1-2H3,(H,8,9)	C5H9NO3	997	-301.8226928833022	2-[ethyl(methyl)amino]-2-oxoacetic acid	CCN(C)C(=O)C(=O)O	-0.333000004	""	PubChem:(19887910)
UVZRTOYQVXYFMH	InChI=1S/C5H11NO4/c1-10-5(9)3-6-2-4(7)8/h5-6,9H,2-3H2,1H3,(H,7,8)	C5H11NO4	998	-301.88546396835704	""	COC(CNCC(=O)O)O	-1.51900005	""	PubChem:(91113797)
XQYAQVSKPJHDCS	InChI=1S/C5H9NO3/c7-5(8)6-9-3-4-1-2-4/h4,6H,1-3H2,(H,7,8)	C5H9NO3	999	-301.9403677096176	""	C1CC1CONC(=O)O	0.455000013	""	PubChem:(88415051)
QZEFWTVSSABHSJ	InChI=1S/C5H11NO4/c7-4(8)6-3-1-2-5(6,9)10/h4,7-10H,1-3H2	C5H11NO4	1000	-301.9745900645687	""	C1CC(N(C1)C(O)O)(O)O	0.0649999976	""	PubChem:(66843602)
YUGBKSZKFXFJLS	InChI=1S/C5H9NO3/c1-4(7)3-9-5(8)2-6/h7H,1-3,6H2	C5H9NO3	1001	-302.06200886422494	""	C=C(COC(=O)CN)O	-0.662	""	PubChem:(20058674)
OACBAUPFZUZXAZ	InChI=1S/C5H9NO3/c1-4(3-9-6)2-5(7)8/h2H,3,6H2,1H3,(H,7,8)	C5H9NO3	1002	-302.1025889204907	""	CC(=CC(=O)O)CON	-1.171	""	PubChem:(104867439)
YSJMGMPAQAJVNA	InChI=1S/C5H9NO3/c1-4(9-6-2)5(7)8-3/h4H,2H2,1,3H3	C5H9NO3	1003	-302.33129255030633	""	CC(C(=O)OC)ON=C	1.08800006	""	PubChem:(57298546)
XZAFXYJLCMHKCC	InChI=1S/C5H9NO3/c1-3(5(6)7)4(2)9-8/h4,8H,1H2,2H3,(H2,6,7)	C5H9NO3	1004	-302.4828707931823	Butanamide, 3-hydroperoxy-2-methylene-	C=C(C(C)OO)C(=N)O	0.338	""	PubChem:(13705453)
OQZGNJKOJBMZDT	InChI=1S/C5H9NO3/c1-5(8)6-4-9-3-2-7/h4,7H,2-3H2,1H3	C5H9NO3	1005	-302.5166729179243	""	CC(=O)N=COCCO	-0.386000007	""	PubChem:(87935353)
KBMFHCMLHQGQEB	InChI=1S/C5H9NO3/c1-3(2)6-4(7)5(8)9/h3H,1-2H3,(H,6,7)(H,8,9)/p-1	C5H9NO3	1006	-302.6340501058638	N-Isopropyl-oxalamic acid	CC(C)NC(=O)C(=O)O	-0.0149999997	""	PubChem:(7183007 7183008);biological
KFWBMKLYVFQDAV	InChI=1S/C5H9NO3/c1-4(2)5(8)6-9-3-7/h7H,1,3H2,2H3,(H,6,8)	C5H9NO3	1007	-302.83256475815324	N-(hydroxymethoxy)-2-methylprop-2-enamide	C=C(C)C(=NOCO)O	0.658999979	""	PubChem:(20030256)
DMGADPFMRSETQQ	InChI=1S/C5H9NO3/c1-4(2-6)5(8)9-3-7/h7H,1-3,6H2	C5H9NO3	1008	-302.88183670411735	""	C=C(CN)C(=O)OCO	-0.962000012	""	PubChem:(57234234)
DWRGPZXHJVLRGX	InChI=1S/C5H9NO3/c1-4(8-2)9-5(7)3-6/h1,3,6H2,2H3	C5H9NO3	1009	-302.9530140197048	""	C=C(OC)OC(=O)CN	-0.00300000003	""	PubChem:(53783168)
YTMOBGVJBGJUQY	InChI=1S/C5H9NO3/c1-5(3-9-5)2-8-4(6)7/h2-3H2,1H3,(H2,6,7)	C5H9NO3	1010	-303.05259414391065	""	CC1(COC(=N)O)CO1	0.550999999	""	PubChem:(89437258)
WQDPAQKQYXNXDG	InChI=1S/C5H9NO3/c1-2-6(4-7)3-5(8)9/h4H,2-3H2,1H3,(H,8,9)	C5H9NO3	1011	-303.060503455766	""	CCN(CC(=O)O)C=O	-0.578999996	""	PubChem:(53770203)
ACCJNSHXTYTMHJ	InChI=1S/C5H9NO3/c1-3-6-9-4-5(7)8-2/h3H,4H2,1-2H3	C5H9NO3	1012	-303.3857361145754	methyl 2-[(E)-ethylideneamino]oxyacetate	CC=NOCC(=O)OC	0.875	""	PubChem:(18458601)
NCGHQPHVEKFBLG	InChI=1S/C5H9NO3/c1-3(2)4(7)9-5(6)8/h3H,1-2H3,(H2,6,8)	C5H9NO3	1013	-303.4550222548437	""	CC(C)C(=O)OC(=N)O	0.912999988	""	PubChem:(54103674)
WSHHMLMZXLCYQG	InChI=1S/C5H11NO4/c1-2-9-5(8)6-10-4-3-7/h7H,2-4H2,1H3,(H,6,8)	C5H11NO4	1014	-303.80430965980406	ethyl N-(2-hydroxyethoxy)carbamate	CCOC(=NOCCO)O	0.643000007	""	PubChem:(21823662)
VNFLEHQQCBKODU	InChI=1S/C5H9NO3/c1-5(2-6(7)8)3-9-4-5/h2-4H2,1H3	C5H9NO3	1015	-304.06978644724427	""	CC1(CN(=O)=O)COC1	-0.103	""	PubChem:(11126293)
VDMSFXCLKCIQEO	InChI=1S/C5H11NO4/c1-6(2-3-10-9)4-5(7)8/h9H,2-4H2,1H3,(H,7,8)	C5H11NO4	1016	-304.0806582777209	""	CN(CCOO)CC(=O)O	-1.21399999	""	PubChem:(53962121)
IKIQYBSPPWKWQS	InChI=1S/C5H9NO3/c1-5(8-2)3-9-4(7)6-5/h3H2,1-2H3,(H,6,7)	C5H9NO3	1017	-304.19537556923365	4-methoxy-4-methyl-1,3-oxazolidin-2-one	CC1(COC(=N1)O)OC	0.248999998	""	PubChem:(23050916)
QQPFJQMTHPQBBU	InChI=1S/C5H9NO3/c1-4-6-3-5(7,8-2)9-4/h7H,3H2,1-2H3/p+1	C5H9NO3	1018	-304.2488250958609	""	CC1=NCC(O)(OC)O1	-0.354999989	""	PubChem:(101193835 101193836)
BXXLVYDUPRONMM	InChI=1S/C5H9NO3/c1-5(2,6(7)8)4-3-9-4/h4H,3H2,1-2H3	C5H9NO3	1019	-304.25501536746447	""	CC(C)(C1CO1)N(=O)=O	0.455000013	""	PubChem:(91621001)
OCXGSSLYZHDKLG	InChI=1S/C5H11NO4/c1-2-3-9-4-5-10-6(7)8/h2-5H2,1H3	C5H11NO4	1020	-304.68777264722917	2-propoxyethyl nitrate	CCCOCCON(=O)=O	1.04400003	""	PubChem:(20459323)
XBRCFWLCONJJND	InChI=1S/C5H9NO3/c7-4-6-3-5-8-1-2-9-5/h4-5H,1-3H2,(H,6,7)	C5H9NO3	1021	-304.71344068609324	""	C1COC(CN=CO)O1	-0.523999989	""	PubChem:(87480819)
ALQCCXRUNHSSRZ	InChI=1S/C5H9NO3/c1-4(7)6(3)9-5(2)8/h1-3H3	C5H9NO3	1022	-305.1024742118902	[acetyl(methyl)amino] acetate	CC(=O)N(C)OC(=O)C	-0.368999988	""	PubChem:(101499)
ONGMKRNDCYESEW	InChI=1S/C5H9NO3/c1-5(2-3-5)8-4(7)9-6/h2-3,6H2,1H3	C5H9NO3	1023	-305.25713960494573	""	CC1(CC1)OC(=O)ON	-0.00800000038	""	PubChem:(118629575)
AADMWJNAKVGLRM	InChI=1S/C5H9NO3/c1-4(2)9-5(7)3-6-8/h3-4,8H,1-2H3	C5H9NO3	1024	-305.48153609165433	""	CC(C)OC(=O)C=NO	0.839999974	""	PubChem:(10441732)
JFFCKYDZRWRQSH	InChI=1S/C5H9NO3/c1-9-6-4(7)2-3-5(6)8/h4,7H,2-3H2,1H3	C5H9NO3	1025	-305.7181701811814	""	CON1C(CCC1=O)O	-0.796000004	""	PubChem:(89068580)
REJZCXJFFAAIBW	InChI=1S/C5H9NO3/c1-6(4-3-9-4)5(7)8-2/h4H,3H2,1-2H3	C5H9NO3	1026	-305.8687352172215	""	CN(C1CO1)C(=O)OC	-0.202999994	""	PubChem:(73950676 87431128)
DVCZCGHUUKZMLZ	InChI=1S/C5H9NO3/c1-5(4(7)8)2-9-3-6-5/h6H,2-3H2,1H3,(H,7,8)	C5H9NO3	1027	-305.91602573906755	""	CC1(COCN1)C(=O)O	-0.843999982	""	PubChem:(12052303 102290508)
WUKMTZHAYASZLZ	InChI=1S/C5H11NO4/c1-5(6,4(8)9)2-10-3-7/h7H,2-3,6H2,1H3,(H,8,9)	C5H11NO4	1028	-305.9347048924519	""	CC(COCO)(C(=O)O)N	-3.89899993	""	PubChem:(91503971)
OHGRYEAWCXPJQD	InChI=1S/C5H9NO3/c1-8-4(7)9-5(6)2-3-5/h2-3,6H2,1H3	C5H9NO3	1029	-306.34817245669853	(1-aminocyclopropyl) methyl carbonate	COC(=O)OC1(CC1)N	0.739000022	""	PubChem:(17875074)
BLUKSOGHOSGJJF	InChI=1S/C5H9NO3/c1-5(7,6(8)9)4-2-3-4/h4,7H,2-3H2,1H3	C5H9NO3	1030	-306.53313177554367	""	CC(C1CC1)(N(=O)=O)O	0.56099999	""	PubChem:(69324431)
ASNKHDGRSXEHHT	InChI=1S/C5H9NO3/c1-2-3-6(9)5(8)4-7/h4,9H,2-3H2,1H3	C5H9NO3	1031	-306.7224549607623	""	CCCN(C(=O)C=O)O	-0.579999983	""	PubChem:(91549336)
UKNXCPHDOBVNEJ	InChI=1S/C5H11NO4/c1-8-4(9-2)3-10-5(6)7/h4H,3H2,1-2H3,(H2,6,7)	C5H11NO4	1032	-307.0332338228752	""	COC(COC(=N)O)OC	0.291000009	""	PubChem:(87313265)
WEUGSFBMLPOSAU	InChI=1S/C5H9NO3/c1-2-3-5(7)4-6(8)9/h2-3,5,7H,4H2,1H3	C5H9NO3	1033	-307.24668023231146	""	CC=CC(CN(=O)=O)O	0.202999994	""	PubChem:(13023787)
TXDQYNOHPYOVMS	InChI=1S/C5H9NO3/c1-2-3-6(4-7)5(8)9/h2,7H,1,3-4H2,(H,8,9)/p-1	C5H9NO3	1034	-307.3638663996126	hydroxymethyl(prop-2-enyl)carbamic acid	C=CCN(CO)C(=O)O	-0.254999995	""	PubChem:(22717000 22717001)
LRHNXTPQMBLVPY	InChI=1S/C5H9NO3/c1-9-5(7)4-2-3-6(4)8/h4,8H,2-3H2,1H3	C5H9NO3	1035	-307.3655581366651	N-Hydroxy-2-carbomethoxyazetidine	COC(=O)C1CCN1O	-0.442000002	""	PubChem:(551590)
UPNLQRIRTAHAGA	InChI=1S/C5H9NO3/c1-8-4(7)5(6)2-9-3-5/h2-3,6H2,1H3	C5H9NO3	1036	-307.47043046720177	""	COC(=O)C1(COC1)N	-1.47300005	""	PubChem:(72207629)
IRMVRAABQYONJL	InChI=1S/C5H9NO3/c7-5-9-6-1-3-8-4-2-6/h5H,1-4H2	C5H9NO3	1037	-307.57377402370474	morpholin-4-yl formate	C1COCCN1OC=O	-0.995999992	""	PubChem:(13932565);biological
QLGBUGRUZCHCKR	InChI=1S/C5H9NO3/c1-2-3-9-6(4-7)5-8/h4-5H,2-3H2,1H3	C5H9NO3	1038	-307.77382684771356	""	CCCON(C=O)C=O	0.519999981	""	PubChem:(87747426)
VOGGKHRLXCZURQ	InChI=1S/C5H9NO3/c1-6-9-4-2-3-8-5(4)7/h4,6H,2-3H2,1H3	C5H9NO3	1039	-307.79934044184466	""	CNOC1CCOC1=O	0.748000026	""	PubChem:(89126069)
HBEKMNUJTZFCJI	InChI=1S/C5H9NO3/c1-2-8-5(7)9-4-3-6/h2H,1,3-4,6H2	C5H9NO3	1040	-308.14614645200623	""	C=COC(=O)OCCN	0.0890000015	""	PubChem:(53868081)
OMQUIPIDYIBXOV	InChI=1S/C5H13NO5/c1-2-9-5(6,10-3-7)11-4-8/h7-8H,2-4,6H2,1H3	C5H13NO5	1041	-308.2298459451413	""	CCOC(N)(OCO)OCO	-1.41499996	""	PubChem:(117768111)
SAXCDYFGYFOTMB	InChI=1S/C5H11NO4/c1-3(2)6(10)4(7)5(8)9/h3-4,7,10H,1-2H3,(H,8,9)	C5H11NO4	1042	-308.26674254485823	""	CC(C)N(C(C(=O)O)O)O	-1.02900004	""	PubChem:(449259 87438397)
MSOVSQMACGOUOH	InChI=1S/C5H9NO3/c1-2-5(8)9-3-4(6)7/h2,4,7H,1,3,6H2	C5H9NO3	1043	-308.51893807932737	""	C=CC(=O)OCC(N)O	-0.777999997	""	PubChem:(57035662)
XYUNANKVDCMWRB	InChI=1S/C5H9NO3/c1-3-6-4(7)5(8)9-2/h3H2,1-2H3,(H,6,7)	C5H9NO3	1044	-308.63581039507676	methyl 2-(ethylamino)-2-oxoacetate	CCNC(=O)C(=O)OC	-0.153999999	""	PubChem:(19887916)
NUVIXLPTTKPIHK	InChI=1S/C5H9NO3/c1-3(2-7)4(8)5(6)9/h3,7H,2H2,1H3,(H2,6,9)	C5H9NO3	1045	-308.7970664191709	""	CC(CO)C(=O)C(=O)N	-1.74000001	""	PubChem:(89514438)
PJOUFDLRRSYDSR	InChI=1S/C5H9NO3/c7-5(8)6-3-1-2-4-9-6/h1-4H2,(H,7,8)	C5H9NO3	1046	-308.92767002836166	""	C1CCON(C1)C(=O)O	0.116999999	""	PubChem:(91223655)
SBZVMSHQSIUWBR	InChI=1S/C5H11NO4/c1-5(9-2,10-3)4-6(7)8/h4H2,1-3H3	C5H11NO4	1047	-309.00959502865857	""	CC(CN(=O)=O)(OC)OC	-0.119000003	""	PubChem:(18463066)
CYPCRSUXJWQEKY	InChI=1S/C5H9NO3/c1-4(8)6(2)5(9)3-7/h7H,3H2,1-2H3	C5H9NO3	1048	-309.0474021731289	""	CC(=O)N(C)C(=O)CO	-0.735000014	""	PubChem:(90998106)
DIQSBKKVDVNPQA	InChI=1S/C5H9NO3/c1-8-5-2-3-6(7)9-4-5/h3,5H,2,4H2,1H3	C5H9NO3	1049	-309.1313943159423	""	COC1CC=N(=O)OC1	0.722000003	""	PubChem:(100943290 100943291)
YFLLMUSIEJFNCZ	InChI=1S/C5H9NO3/c7-5(8)6(9)3-1-2-4-6/h1-4H2,(H,7,8)	C5H9NO3	1050	-309.15302710037446	""	C1CCN(=O)(C1)C(=O)O	-0.842999995	""	PubChem:(87105771)
GGMUBEWKMUNIBK	InChI=1S/C5H9NO3/c1-4(5(7)8)3-6-9-2/h3,6H,1-2H3,(H,7,8)	C5H9NO3	1051	-309.2853766914515	""	CC(=CNOC)C(=O)O	0.370999992	""	PubChem:(91218074)
XDRIPUADKBLIRJ	InChI=1S/C5H9NO3/c1-2-3-6(9)4-5(7)8/h2,9H,1,3-4H2,(H,7,8)	C5H9NO3	1052	-309.3393121217459	""	C=CCN(CC(=O)O)O	-0.828000009	""	PubChem:(88612677)
BYKHDRZSAMLEDU	InChI=1S/C5H9NO3/c1-6(9)5(8)3-2-4-7/h4,9H,2-3H2,1H3	C5H9NO3	1053	-309.3413542447159	""	CN(C(=O)CCC=O)O	-1.04999995	""	PubChem:(53707816)
MYOWADQFRKWSIS	InChI=1S/C5H11NO4/c1-3(4(7)8)6-5(2,9)10/h3,6,9-10H,1-2H3,(H,7,8)	C5H11NO4	1054	-309.6662671908447	""	CC(C(=O)O)NC(C)(O)O	-0.958000004	""	PubChem:(87694910)
YAZOPNLRPCHVNK	InChI=1S/C5H9NO3/c7-3-2-6-5(8)1-4-9-6/h7H,1-4H2	C5H9NO3	1055	-309.8534964991991	""	C1CON(CCO)C1=O	-1.32799995	""	PubChem:(105427570)
CDKTWIUDUIBFHH	InChI=1S/C5H9NO3/c1-3(2)4(9-6)5(7)8/h6H2,1-2H3,(H,7,8)	C5H9NO3	1056	-310.1317638544173	2-aminooxy-3-methylbut-2-enoic acid	CC(=C(C(=O)O)ON)C	-0.763999999	""	PubChem:(21468128)
HIKOJKPBEGYRDW	InChI=1S/C5H11NO4/c1-2-3-6(10)4(7)5(8)9/h7-10H,2-3H2,1H3	C5H11NO4	1057	-310.350860034346	""	CCCN(C(=C(O)O)O)O	0.244000003	""	PubChem:(87459094)
PNZNMOGJAPJJSE	InChI=1S/C5H9NO3/c1-4(2-7)3-9-5(6)8/h2,4H,3H2,1H3,(H2,6,8)	C5H9NO3	1058	-310.5700350210791	(2-methyl-3-oxopropyl) carbamate	CC(C=O)COC(=N)O	0.744000018	""	PubChem:(22982919)
AOCXKOLJFNFWAQ	InChI=1S/C5H11NO4/c1-5(3-7,4-10-2)6(8)9/h7H,3-4H2,1-2H3	C5H11NO4	1059	-311.424076255972	1-Propanol, 3-methoxy-2-methyl-2-nitro-	CC(CO)(COC)N(=O)=O	-0.504000008	""	PubChem:(71369511)
IPUMYJUSSIJZLZ	InChI=1S/C5H9NO3/c1-4-6(5(7)8)2-3-9-4/h4H,2-3H2,1H3,(H,7,8)	C5H9NO3	1060	-311.5879559621378	""	CC1N(CCO1)C(=O)O	-0.101000004	""	PubChem:(123856365)
LACUKUGPTWVNPZ	InChI=1S/C5H9NO3/c1-6-3-2-5(8,9)4(6)7/h8-9H,2-3H2,1H3	C5H9NO3	1061	-311.66231507317	""	CN1CCC(C1=O)(O)O	-0.961000025	""	PubChem:(117883368)
MVOJXJQOTGXUHW	InChI=1S/C5H9NO3/c1-2-4-3-8-6-5(7)9-4/h4H,2-3H2,1H3,(H,6,7)	C5H9NO3	1062	-312.20932812796565	""	CCC1CON=C(O)O1	1.53699994	""	PubChem:(105427572)
JIDKDMXJKWJKMH	InChI=1S/C5H9NO3/c1-5(3-9-5)2-6-4(7)8/h6H,2-3H2,1H3,(H,7,8)/p-1	C5H9NO3	1063	-312.213373052461	N-[(2-methyloxiran-2-yl)methyl]carbamate	CC1(CNC(=O)O)CO1	-0.386000007	""	PubChem:(23081610 23081611)
CZHAGFIOEUSAMK	InChI=1S/C5H9NO3/c1-4(3-7)2-6-5(8)9/h3-4,6H,2H2,1H3,(H,8,9)	C5H9NO3	1064	-312.3465204515959	""	CC(CNC(=O)O)C=O	-0.193000004	""	PubChem:(87219705 87219706 87219772)
HZIHLKMCGMLRRR	InChI=1S/C5H11NO4/c1-9-4-2-3-5-10-6(7)8/h2-5H2,1H3	C5H11NO4	1065	-312.3791505395003	4-methoxybutyl nitrate	COCCCCON(=O)=O	0.978999972	""	PubChem:(59748903)
HMMDSISXGYNVMY	InChI=1S/C5H9NO3/c1-5(7)8-3-4-9-6-2/h2-4H2,1H3	C5H9NO3	1066	-312.45522913921104	2-(methylideneamino)oxyethyl acetate	CC(=O)OCCON=C	0.889999986	""	PubChem:(18714776)
DOZHBPWCVVDRIV	InChI=1S/C5H9NO3/c1-3(7)2-4(6)5(8)9/h2-3,7H,6H2,1H3,(H,8,9)	C5H9NO3	1067	-312.6449791426207	""	CC(C=C(C(=O)O)N)O	-2.64400005	""	PubChem:(87930860)
USMCVVLIKJJNGM	InChI=1S/C5H9NO3/c1-5(8)6(2)3-9-4-7/h4H,3H2,1-2H3	C5H9NO3	1068	-312.70913480659874	""	CC(=O)N(C)COC=O	-0.216000006	""	PubChem:(45087463)
QQJRIWSHFGHZRH	InChI=1S/C5H9NO3/c1-3-4-8-5(7)9-6-2/h3,6H,1,4H2,2H3	C5H9NO3	1069	-313.00479460618084	methylamino prop-2-enyl carbonate	C=CCOC(=O)ONC	1.02100003	""	PubChem:(16036856)
IPVSUVUZRQVWAZ	InChI=1S/C5H9NO3/c1-6-2-4(7)3-9-5(6)8/h4,7H,2-3H2,1H3	C5H9NO3	1070	-313.04648797573395	2H-1,3-Oxazin-2-one, tetrahydro-5-hydroxy-3-methyl-	CN1CC(COC1=O)O	-0.859000027	""	PubChem:(14456873)
UEPTUSXDMAYBJH	InChI=1S/C5H11NO4/c1-3-6(10)5(2,9)4(7)8/h9-10H,3H2,1-2H3,(H,7,8)	C5H11NO4	1071	-313.17511399256244	""	CCN(C(C)(C(=O)O)O)O	-1.37899995	""	PubChem:(56978634)
PXWSIKDTVIPGMW	InChI=1S/C5H9NO3/c1-3-9-6-4-5(7)8-2/h4H,3H2,1-2H3	C5H9NO3	1072	-313.5189925238889	""	CCON=CC(=O)OC	0.975000024	""	PubChem:(54214041)
MMUKLQLZSZOBII	InChI=1S/C5H11NO4/c1-3-10-4(7)6-5(2,8)9/h8-9H,3H2,1-2H3,(H,6,7)	C5H11NO4	1073	-313.81522153510093	""	CCOC(=NC(C)(O)O)O	-0.209000006	""	PubChem:(88416829)
UXWUMOUDTZGYHJ	InChI=1S/C5H11NO4/c1-5(3-9-2)4-10-6(7)8/h5H,3-4H2,1-2H3	C5H11NO4	1074	-313.8833398960385	(3-methoxy-2-methylpropyl) nitrate	CC(COC)CON(=O)=O	0.917999983	""	PubChem:(18714140)
YXJZAMRXWYECTM	InChI=1S/C5H9NO3/c1-3-9-5(7)4-6-8-2/h4H,3H2,1-2H3	C5H9NO3	1075	-314.0162066694452	""	CCOC(=O)C=NOC	0.975000024	""	PubChem:(12802276 12802277 54328389)
CLLOFODTUXGHHT	InChI=1S/C5H9NO3/c1-3-9-5(8)6-4(2)7/h3H2,1-2H3,(H,6,7,8)	C5H9NO3	1076	-314.0874530121766	Acetylurethane	CCOC(=O)N=C(C)O	0.509000003	""	PubChem:(17436)
NVYOXIKAIRDMDD	InChI=1S/C5H9NO3/c1-6(4-7)5(8)3-9-2/h4H,3H2,1-2H3	C5H9NO3	1077	-314.420557677457	""	CN(C=O)C(=O)COC	-0.451999992	""	PubChem:(118939994)
MSJOHHQUQXLSRD	InChI=1S/C5H9NO3/c7-4-5(8)6-2-1-3-9-6/h7H,1-4H2	C5H9NO3	1078	-314.4673985203657	""	C1CN(C(=O)CO)OC1	-1.12800002	""	PubChem:(67706113)
SDYGXFSWBJAJOP	InChI=1S/C5H11NO4/c1-2-3-6-5(9,10)4(7)8/h6,9-10H,2-3H2,1H3,(H,7,8)	C5H11NO4	1079	-314.48179888319805	""	CCCNC(C(=O)O)(O)O	-1.36699998	""	PubChem:(87109790)
KNFPLYGLQDTBKM	InChI=1S/C5H9NO3/c1-9-3-4(2-7)5(6)8/h3,7H,2H2,1H3,(H2,6,8)	C5H9NO3	1080	-314.6580991268821	""	COC=C(CO)C(=N)O	-0.254000008	""	PubChem:(18618001)
UGDGIOBWDUQTRI	InChI=1S/C5H9NO3/c1-4(2-3-7)6-5(8)9/h6-7H,1-3H2,(H,8,9)	C5H9NO3	1081	-314.97699982042707	""	C=C(CCO)NC(=O)O	-0.629999995	""	PubChem:(88364522)
FJGHOMCZNXOGMD	InChI=1S/C5H9NO3/c7-5-8-3-1-6-2-4-9-5/h6H,1-4H2	C5H9NO3	1082	-315.04283106136165	""	C1COC(=O)OCCN1	-0.184	""	PubChem:(21487500)
PZHLDUIONJVYCJ	InChI=1S/C5H9NO3/c1-2-4(7)6-3-5(8)9/h2,4,6-7H,1,3H2,(H,8,9)	C5H9NO3	1083	-315.1025677620619	""	C=CC(NCC(=O)O)O	-0.648000002	""	PubChem:(87120718)
DHXHRQPYFZJVJH	InChI=1S/C5H9NO3/c1-3-5(8)6(2)9-4-7/h4H,3H2,1-2H3	C5H9NO3	1084	-315.23497308051174	""	CCC(=O)N(C)OC=O	-0.351999998	""	PubChem:(89887315)
GILGVBVELSZUTI	InChI=1S/C5H9NO3/c1-3(2)4(7)5(8)9-6/h3H,6H2,1-2H3	C5H9NO3	1085	-315.3316965287828	""	CC(C)C(=O)C(=O)ON	-0.93900001	""	PubChem:(118484251)
GVQZKKPQRSZDPW	InChI=1S/C5H9NO3/c1-3-9-5(8)4(7)6-2/h3H2,1-2H3,(H,6,7)	C5H9NO3	1086	-315.6854496895031	ethyl (methylcarbamoyl)formate	CCOC(=O)C(=O)NC	-0.153999999	""	PubChem:(3413434)
SOWUYFYWTFVKPP	InChI=1S/C5H9NO3/c1-7-5(8-2)3-9-4-6-5/h4H,3H2,1-2H3	C5H9NO3	1087	-315.7371138441242	4,4-dimethoxy-5H-1,3-oxazole	COC1(COC=N1)OC	-0.312999994	""	PubChem:(23156966);biological
QNKLPAOGLGXJPF	InChI=1S/C5H11NO4/c1-2-10-6-5(8)9-4-3-7/h7H,2-4H2,1H3,(H,6,8)	C5H11NO4	1088	-316.1578768312935	""	CCON=C(O)OCCO	0.643000007	""	PubChem:(79349783)
DMVUWESFOWVTDQ	InChI=1S/C5H9NO3/c1-6(8)4-2-3-5(7)9-4/h4,8H,2-3H2,1H3	C5H9NO3	1089	-316.4428001831524	""	CN(C1CCC(=O)O1)O	-0.64200002	""	PubChem:(88939351)
FBVGCLGQNIOOLG	InChI=1S/C5H9NO3/c1-6-2-4-5(7)9-3-8-4/h4,6H,2-3H2,1H3	C5H9NO3	1090	-316.504754696946	""	CNCC1C(=O)OCO1	-0.203999996	""	PubChem:(87972043)
HWGXPTZXTUEVPX	InChI=1S/C5H11NO4/c1-4(8)6(3-7)2-5(9)10/h5,7,9-10H,2-3H2,1H3	C5H11NO4	1091	-316.937535252745	""	CC(=O)N(CC(O)O)CO	-1.96399999	""	PubChem:(118426366)
ARGHZJRVZFLMFR	InChI=1S/C5H9NO3/c1-9-4-5(8)6-2-3-7/h2,7H,3-4H2,1H3	C5H9NO3	1092	-317.0349735759612	N-(2-hydroxyethylidene)-2-methoxyacetamide	COCC(=O)N=CCO	-0.902999997	""	PubChem:(20677363)
RHPAMPAOCWDENX	InChI=1S/C5H9NO3/c1-4(5(7)8)9-6(2)3/h1H2,2-3H3,(H,7,8)	C5H9NO3	1093	-317.349714325614	""	C=C(C(=O)O)ON(C)C	-0.149000004	""	PubChem:(56987781)
HZHRYYYIOGLPCB	InChI=1S/C5H9NO3/c1-2-5(9)6(3-7)4-8/h2,7-8H,1,3-4H2	C5H9NO3	1094	-317.3876421874759	2-Propenamide, N,N-bis(hydroxymethyl)-	C=CC(=O)N(CO)CO	-1.0	""	PubChem:(13710294)
QWRWZRXZQBURBU	InChI=1S/C5H11NO4/c1-3-9-5(7)6-10-4-8-2/h3-4H2,1-2H3,(H,6,7)	C5H11NO4	1095	-317.55510432770393	ethyl N-(methoxymethoxy)carbamate	CCOC(=NOCOC)O	1.29900002	""	PubChem:(322665)
UGNSBLQYRJEDHD	InChI=1S/C5H9NO3/c1-6(2)4(7)5(8)9-3/h1-3H3	C5H9NO3	1096	-317.59478642633013	Acetic acid, (dimethylamino)oxo-, methyl ester	CN(C)C(=O)C(=O)OC	-0.435000002	""	PubChem:(10057547 10080439 10240845 13280608)
GBDMGNIGOUEGMM	InChI=1S/C5H9NO3/c1-4-2-6(3-7)5(8)9-4/h4,7H,2-3H2,1H3	C5H9NO3	1097	-317.7365989040378	""	CC1CN(CO)C(=O)O1	0.129999995	""	PubChem:(89767542)
QGZQOZGNMDTFOB	InChI=1S/C5H11NO4/c1-2-3-6(10)4(7)5(8)9/h4,7,10H,2-3H2,1H3,(H,8,9)	C5H11NO4	1098	-317.9029128793755	""	CCCN(C(C(=O)O)O)O	-1.13100004	""	PubChem:(87109791)
YMSIDCTUZHSFFB	InChI=1S/C5H9NO3/c1-2-3-4-9-5(7)6-8/h3-4,8H,2H2,1H3,(H,6,7)	C5H9NO3	1099	-317.9176790286477	""	CCC=COC(=NO)O	1.56400001	""	PubChem:(18415091)
VUWLJWOGMYGUEU	InChI=1S/C5H9NO3/c1-4(7)3-5(8)6(2)9/h9H,3H2,1-2H3	C5H9NO3	1100	-318.00109601592834	N-hydroxy-N-methyl-3-oxobutanamide	CC(=O)CC(=O)N(C)O	-0.787999988	""	PubChem:(13033216)
HOWZNCWCGQNOHV	InChI=1S/C5H9NO3/c1-6(2-3-7)5(9)4-8/h3,8H,2,4H2,1H3	C5H9NO3	1101	-318.0751444332022	2-hydroxy-N-methyl-N-(2-oxoethyl)acetamide	CN(CC=O)C(=O)CO	-1.38900006	""	PubChem:(20678078)
VGSDDVHJYLABMQ	InChI=1S/C5H9NO3/c1-2-5(7)8-3-4-9-6/h2H,1,3-4,6H2	C5H9NO3	1102	-318.6285416232366	""	C=CC(=O)OCCON	-0.68599999	""	PubChem:(117805377)
UDXIFTZMDDFTQB	InChI=1S/C5H9NO3/c1-3-9-6(8)4-5(2)7/h4H,3H2,1-2H3	C5H9NO3	1103	-318.73838118518813	""	CCON(=CC(=O)C)=O	1.19299996	""	PubChem:(45085395 71437179)
JPTLDEBCNVOEJW	InChI=1S/C5H9NO3/c1-8-5(7)6-2-3-9-4-6/h2-4H2,1H3	C5H9NO3	1104	-318.9170406551125	""	COC(=O)N1CCOC1	-0.239999995	""	PubChem:(110739998)
IKVAGNFVPOZNJM	InChI=1S/C5H9NO3/c1-3-4(7)9-5(8)6(3)2/h3-4,7H,1-2H3	C5H9NO3	1105	-319.00755808728195	""	CC1C(O)OC(=O)N1C	-0.261999995	""	PubChem:(57623342)
BQDBWAUGDUVAHE	InChI=1S/C5H9NO3/c1-3-9-6-4-8-5(2)7/h4H,3H2,1-2H3	C5H9NO3	1106	-319.32248443901494	""	CCON=COC(=O)C	1.13600004	""	PubChem:(53894958 88347139)
JJMWDADKZXWJNW	InChI=1S/C5H9NO3/c6-5-7-1-4(2-8-5)3-9-5/h4H,1-3,6H2	C5H9NO3	1107	-319.5561278100772	""	C1C2COC(N)(O1)OC2	-0.882000029	""	PubChem:(116986869)
CQRIZZCZSHEGEN	InChI=1S/C5H9NO3/c7-4-3-6-2-1-5(8)9/h1-2,6-7H,3-4H2,(H,8,9)	C5H9NO3	1108	-319.6349745751929	""	C(=CNCCO)C(=O)O	-0.782000005	""	PubChem:(121601818)
ZRXQTISSANAOJS	InChI=1S/C5H9NO3/c1-6(4-8)5(3-7)9-2/h3-5H,1-2H3	C5H9NO3	1109	-319.69777044506856	""	CN(C=O)C(C=O)OC	-0.537999988	""	PubChem:(87217214)
RJBQEGWSIZQUSK	InChI=1S/C5H11NO4/c1-2-3-4-9-5-10-6(7)8/h2-5H2,1H3	C5H11NO4	1110	-319.7216235439343	""	CCCCOCON(=O)=O	1.75	""	PubChem:(14616607)
VLJKHXARMCFFAI	InChI=1S/C5H11NO4/c1-3(4(7)10-2)6-5(8)9/h3-4,6-7H,1-2H3,(H,8,9)	C5H11NO4	1111	-319.94240459482177	""	CC(C(O)OC)NC(=O)O	-0.704999983	""	PubChem:(87325941)
AFIKYYXOZXEDDR	InChI=1S/C5H9NO3/c1-2-3-6-5(8)9-4-7/h2,7H,1,3-4H2,(H,6,8)	C5H9NO3	1112	-319.9839629921205	""	C=CCN=C(O)OCO	-0.00400000019	""	PubChem:(56993387)
UJVZXCWQMZWYKI	InChI=1S/C5H9NO3/c1-9-3-2-6-4-5(7)8/h2-3,6H,4H2,1H3,(H,7,8)	C5H9NO3	1113	-320.0026961537333	ACMC-20mnch	COC=CNCC(=O)O	-0.0790000036	""	PubChem:(67565635 87073371)
WCRHQJHRXBNCPX	InChI=1S/C5H11NO4/c1-5(8,3-10-6)4(7)9-2/h8H,3,6H2,1-2H3	C5H11NO4	1114	-320.0694866878888	""	CC(CON)(C(=O)OC)O	-1.80200005	""	PubChem:(116284092)
MDLJRMFBCSCAQB	InChI=1S/C5H9NO3/c1-4(7)6-5(8)3-9-2/h3H2,1-2H3,(H,6,7,8)	C5H9NO3	1115	-320.22552525873317	""	CC(=NC(=O)COC)O	-0.280000001	""	PubChem:(87789874)
OCHURGUGWBWNDP	InChI=1S/C5H9NO3/c1-9-3-2-6-5(8)4-7/h4H,2-3H2,1H3,(H,6,8)	C5H9NO3	1116	-320.33678954076487	N-(2-methoxyethyl)-2-oxoacetamide	COCCNC(=O)C=O	-1.00699997	""	PubChem:(21031057)
OBEBCONPMRKBDN	InChI=1S/C5H9NO3/c1-3-4-6(2)5(7)9-8/h3,8H,1,4H2,2H3	C5H9NO3	1117	-320.3458024289301	""	C=CCN(C)C(=O)OO	-0.181999996	""	PubChem:(88651012)
CKWMSCOAIHYUFF	InChI=1S/C5H9NO3/c1-5(2)4(3-9-5)6(7)8/h4H,3H2,1-2H3	C5H9NO3	1118	-320.7588838059732	""	CC1(C)C(CO1)N(=O)=O	0.35800001	""	PubChem:(70449337)
CACVUYRHCKCASN	InChI=1S/C5H9NO3/c1-3-2-6(9)4(3)5(7)8/h3-4,6H,2H2,1H3,(H,7,8)	C5H9NO3	1119	-321.37778915204996	""	CC1CN(=O)C1C(=O)O	-0.674000025	""	PubChem:(88421676)
JPZBMSUYQJAEOI	InChI=1S/C5H9NO3/c1-8-4-5(7)9-3-2-6/h2,6H,3-4H2,1H3	C5H9NO3	1120	-321.4740965248691	""	COCC(=O)OCC=N	-0.075000003	""	PubChem:(53968530)
VBRZKCOKVSGMRW	InChI=1S/C5H11NO4/c1-4(2)10-5(7)8-3-9-6/h4H,3,6H2,1-2H3	C5H11NO4	1121	-321.4995048378637	""	CC(C)OC(=O)OCON	0.213	""	PubChem:(118247292)
CZYWPWPAMYPKOH	InChI=1S/C5H11NO4/c1-8-2-3-9-4-5(7)10-6/h2-4,6H2,1H3	C5H11NO4	1122	-321.6231422821476	""	COCCOCC(=O)ON	-1.847	""	PubChem:(57223256)
JKUDHKGYEHJGQR	InChI=1S/C5H9NO3/c1-5(2-7)3-9-4(8)6-5/h7H,2-3H2,1H3,(H,6,8)	C5H9NO3	1123	-321.7253499419258	4-(Hydroxymethyl)-4-methyl-2-oxazolidone	CC1(CO)COC(=N1)O	-0.407000005	""	PubChem:(245546 92140312 92140313)
GXHRMPGVRGQZFS	InChI=1S/C5H9NO3/c1-2-3-4-9-5(7)6-8/h2-4H2,1H3	C5H9NO3	1124	-321.9382852863873	butyl N-oxocarbamate	CCCCOC(=O)N=O	0.717999995	""	PubChem:(19375881)
CNLOLEQRBDDLIW	InChI=1S/C5H9NO3/c1-6-2-4-3-8-5(7)9-4/h4,6H,2-3H2,1H3	C5H9NO3	1125	-321.9874093357024	methyl-[(2-oxo-1,3-dioxolan-4-yl)methyl]azanium	CNCC1COC(=O)O1	-0.147	""	PubChem:(55300687 58709137 101834067)
AZLKDZVPDDMOQK	InChI=1S/C5H11NO4/c1-3(2)6-5(9,10)4(7)8/h3,6,9-10H,1-2H3,(H,7,8)	C5H11NO4	1126	-322.14321582164547	""	CC(C)NC(C(=O)O)(O)O	-1.26499999	""	PubChem:(87438399)
GOPSAMYJSPYXPL	InChI=1S/C5H9NO3/c1-2-3-9-5(8)6-4-7/h2,7H,1,3-4H2,(H,6,8)	C5H9NO3	1127	-322.68749957687623	Allyl N-methylolcarbamate	C=CCOC(=NCO)O	0.342000008	""	PubChem:(32740);HSDB:(24935-97-5)
GAWUJJGKZCBLQS	InChI=1S/C5H9NO3/c1-8-2-4-5(7)9-3-6-4/h4,6H,2-3H2,1H3	C5H9NO3	1128	-323.4397862020493	""	COCC1C(=O)OCN1	-0.203999996	""	PubChem:(117605564)
VZTVQTOLAXNIMZ	InChI=1S/C5H9NO3/c1-2-3-8-5(7)4-9-6/h2H,1,3-4,6H2	C5H9NO3	1129	-323.5510348669944	""	C=CCOC(=O)CON	-0.690999985	""	PubChem:(21686059)
JYCHDMBKBNPUIT	InChI=1S/C5H9NO3/c1-3-5(7)4(2)6(8)9/h7H,3H2,1-2H3/p-1	C5H9NO3	1130	-323.6426196152564	""	CCC(=C(C)N(=O)=O)O	1.19200003	""	PubChem:(29985240 29985241)
KSWXHTSIOPEINC	InChI=1S/C5H11NO4/c1-8-2-3-9-5(7)4-10-6/h2-4,6H2,1H3	C5H11NO4	1131	-324.0299632089733	""	COCCOC(=O)CON	-1.49600005	""	PubChem:(116286148)
GOXNUYXRIQJIEF	InChI=1S/C5H9NO3/c7-3-1-6-2-4-9-5(6)8/h7H,1-4H2	C5H9NO3	1132	-324.096548505989	N-Hydroxyethyl-2-oxazolidone	C(CO)N1CCOC1=O	-0.896000028	""	PubChem:(76887)
YRYPBBZILZJBGH	InChI=1S/C5H11NO4/c7-3-5(1-2-5)4-10-6(8)9/h7-9H,1-4H2	C5H11NO4	1133	-324.1219522979474	""	C1CC1(CO)CON(O)O	-1.20899999	""	PubChem:(68209937)
JNMUQPXYHOLVBI	InChI=1S/C5H9NO3/c1-6-5(8)4-9-3-2-7/h7H,1-4H2	C5H9NO3	1134	-324.12879097180087	""	C=NC(=O)COCCO	-0.888000011	""	PubChem:(87567970)
IDEZHYYDENJZOL	InChI=1S/C5H9NO3/c1-5(2)9-6(3-7)4-8/h3-5H,1-2H3	C5H9NO3	1135	-324.1670353284184	""	CC(C)ON(C=O)C=O	0.621999979	""	PubChem:(58288749)
OHGZQTJOLKWHCP	InChI=1S/C5H11NO4/c1-8-2-3-9-4-10-5(6)7/h2-4H2,1H3,(H2,6,7)	C5H11NO4	1136	-324.25491214915576	""	COCCOCOC(=N)O	0.254000008	""	PubChem:(90202050)
GHZJVKXNKRQHAC	InChI=1S/C5H9NO3/c1-3(5(7)8)9-4(2)6/h4H,1,6H2,2H3,(H,7,8)	C5H9NO3	1137	-324.4247410333847	""	C=C(C(=O)O)OC(C)N	0.273000002	""	PubChem:(87925827)
BSDUWKZAMVSMLP	InChI=1S/C5H9NO3/c1-8-5(7)6-3-2-4-9-6/h2-4H2,1H3	C5H9NO3	1138	-324.78501096397923	""	COC(=O)N1CCCO1	0.0799999982	""	PubChem:(104466447)
ZBDYURCJIHBFGK	InChI=1S/C5H9NO3/c1-4(9-2)6-3-5(7)8/h6H,1,3H2,2H3,(H,7,8)	C5H9NO3	1139	-325.155191013205	""	C=C(NCC(=O)O)OC	0.344000012	""	PubChem:(67565633)
JZQWWTLHOOVLKM	InChI=1S/C5H11NO4/c1-4(6)10-5(8)9-3-2-7/h4,7H,2-3,6H2,1H3	C5H11NO4	1140	-325.4909599319463	""	CC(N)OC(=O)OCCO	-0.476000011	""	PubChem:(88746414)
KXTJZNROBIUYGB	InChI=1S/C5H9NO3/c1-2-4-3-9-5(7)6(4)8/h4,8H,2-3H2,1H3	C5H9NO3	1141	-325.8512354624846	""	CCC1COC(=O)N1O	0.374000013	""	PubChem:(70642256)
YWRPQUPTWIPARL	InChI=1S/C5H9NO3/c1-4-7-2-5(9-4)3-8-6/h5H,1-3,6H2	C5H9NO3	1142	-325.9372309069899	""	C=C1OCC(CON)O1	-0.160999998	""	PubChem:(67523105)
BEUMOTNMWJJOJH	InChI=1S/C5H9NO3/c1-2-6(4-7)3-5(8)9/h2,7H,1,3-4H2,(H,8,9)	C5H9NO3	1143	-326.15124140805443	""	C=CN(CC(=O)O)CO	-0.0719999969	""	PubChem:(53678338)
AHCZHEIQQHXUBL	InChI=1S/C5H11NO4/c1-3-9-5(8-2)10-4(6)7/h5H,3H2,1-2H3,(H2,6,7)	C5H11NO4	1144	-326.22766967494675	""	CCOC(OC)OC(=N)O	0.851000011	""	PubChem:(91218937)
XSIOUFRMCDIIRB	InChI=1S/C5H9NO3/c6-5(8)9-4-2-1-3-7/h1-2,7H,3-4H2,(H2,6,8)	C5H9NO3	1145	-326.5393913616557	""	C(=CCOC(=N)O)CO	0.388000011	""	PubChem:(87503670)
BYOSZULJWYKCQL	InChI=1S/C5H9NO3/c1-5(2-3-7)4-6(8)9/h3,5H,2,4H2,1H3	C5H9NO3	1146	-326.72833289813457	Butanal, 3-methyl-4-nitro-	CC(CC=O)CN(=O)=O	0.279000014	""	PubChem:(11593440 29928792 29928794)
JGPSMIZUBRLMOI	InChI=1S/C5H9NO3/c1-5(2)3-4-9-6(7)8/h3H,4H2,1-2H3	C5H9NO3	1147	-326.8281883790816	""	CC(=CCON(=O)=O)C	1.65400004	""	PubChem:(10219448)
KKMVDQOHWKPJGR	InChI=1S/C5H11NO4/c1-3-8-5(7)9-4(2)10-6/h4H,3,6H2,1-2H3	C5H11NO4	1148	-327.35071580759904	""	CCOC(=O)OC(C)ON	0.213	""	PubChem:(89930599)
AZKQYYKKVBSGFR	InChI=1S/C5H9NO3/c1-5(2-3-9-5)4-6(7)8/h2-4H2,1H3	C5H9NO3	1149	-327.4113986308984	2-methyl-2-(nitromethyl)oxetane	CC1(CCO1)CN(=O)=O	0.0820000023	""	PubChem:(14274024)
CRBUZYIMJUGSEL	InChI=1S/C5H11NO4/c1-2-10-5(9)6-3-4(7)8/h5-6,9H,2-3H2,1H3,(H,7,8)	C5H11NO4	1150	-327.4343049461167	""	CCOC(NCC(=O)O)O	-0.958999991	""	PubChem:(90768064)
DMBYIVNAVFVQKQ	InChI=1S/C5H11NO4/c1-9-5-10-4-2-3-6(7)8/h2-5H2,1H3	C5H11NO4	1151	-327.4518677135718	""	COCOCCCN(=O)=O	-0.215000004	""	PubChem:(10920674)
WMVLBIKHKJXLKX	InChI=1S/C5H9NO3/c1-5(2-3-7)4-6(8)9/h2,7H,3-4H2,1H3	C5H9NO3	1152	-327.5231200654295	2-Buten-1-ol, 3-methyl-4-nitro-	CC(=CCO)CN(=O)=O	0.393000007	""	PubChem:(54439127 88778240)
JGROPHXNSYXTSF	InChI=1S/C5H9NO3/c1-2-3-6-4(7)5(8)9/h2,4,6-7H,1,3H2,(H,8,9)	C5H9NO3	1153	-328.0443309410604	""	C=CCNC(C(=O)O)O	-0.648000002	""	PubChem:(88333034)
UBOJKYMDYKUSLQ	InChI=1S/C5H9NO3/c1-5(2,3-4-7)6(8)9/h4H,3H2,1-2H3	C5H9NO3	1154	-328.0656367300937	""	CC(C)(CC=O)N(=O)=O	0.772000015	""	PubChem:(12836244)
VTPOYLUCBKXVPB	InChI=1S/C5H9NO3/c1-8-5-3-2-4-6(7)9-5/h4-5H,2-3H2,1H3	C5H9NO3	1155	-329.3371114202655	""	COC1CCC=N(=O)O1	1.21700001	""	PubChem:(100943288 100943289)
HWZKQIRJZPOEQF	InChI=1S/C5H9NO3/c1-4(7)6(9-3)5(2)8/h1-3H3	C5H9NO3	1156	-329.44545311163637	N-Methoxydiacetamide	CC(=O)N(C(=O)C)OC	0.210999995	""	PubChem:(538412)
VBIQVQCLOWSQCZ	InChI=1S/C5H9NO3/c1-5(2,3)8-4(7)9-6/h1-3H3	C5H9NO3	1157	-329.5695307492911	(2-methylpropan-2-yl)oxycarbonyloxoniumylideneazanide	CC(C)(C)OC(=O)[O+]=[N-]	1.42400002	""	PubChem:(11829475)
IXDRXINKJYLEPF	InChI=1S/C5H13NO5/c7-1-3-10-6(5-9)11-4-2-8/h7-9H,1-5H2	C5H13NO5	1158	-329.5934765861162	""	C(CON(CO)OCCO)O	-2.11500001	""	PubChem:(87282459)
XMDOHCMPPWNAIT	InChI=1S/C5H9NO3/c1-6(8-2)5(7)4-3-9-4/h4H,3H2,1-2H3	C5H9NO3	1159	-329.69920354750764	""	CN(C(=O)C1CO1)OC	-0.864000022	""	PubChem:(45257257 75103837)
KKRQGWUGDOVUOE	InChI=1S/C5H9NO3/c1-8-5(7)4-6-2-3-9-4/h4,6H,2-3H2,1H3	C5H9NO3	1160	-329.8086184424723	""	COC(=O)C1NCCO1	-0.633000016	""	PubChem:(53999762)
FZLHGDPQALKCRU	InChI=1S/C5H9NO3/c1-2-4(6)9-5(8)3-7/h2,4,7H,1,3,6H2	C5H9NO3	1161	-330.11575893735045	""	C=CC(N)OC(=O)CO	-0.717000008	""	PubChem:(87104397)
IYTAFDRTFXWMDF	InChI=1S/C5H11NO4/c1-7-5(8-2)9-3-4(6)10-5/h4H,3,6H2,1-2H3	C5H11NO4	1162	-330.3249562395814	2,2-dimethoxy-1,3-dioxolan-4-amine	COC1(OC)OCC(N)O1	-0.920000017	""	PubChem:(21161907)
YXOHYCYUHLYRJN	InChI=1S/C5H9NO3/c1-2-8-4-3-9-5(7)6-4/h4H,2-3H2,1H3,(H,6,7)	C5H9NO3	1163	-330.8841448210333	2-Oxazolidinone, 4-ethoxy-	CCOC1COC(=N1)O	0.561999977	""	PubChem:(21815326)
RLXKDWCJJACERI	InChI=1S/C5H11NO4/c1-3-5(2,4(7)8)6(9)10/h4,7-8H,3H2,1-2H3	C5H11NO4	1164	-331.18230803764413	2-methyl-2-nitrobutane-1,1-diol	CCC(C)(C(O)O)N(=O)=O	-0.0680000037	""	PubChem:(19438476)
HAEGGYMUGAWQDK	InChI=1S/C5H11NO4/c1-4(3-10-2)6(9)5(7)8/h4,9H,3H2,1-2H3,(H,7,8)	C5H11NO4	1165	-331.62306699474294	""	CC(COC)N(C(=O)O)O	-0.713999987	""	PubChem:(87325940)
ZPAVSKXZWLUDAI	InChI=1S/C5H11NO4/c1-8-5(7)9-3-2-4-10-6/h2-4,6H2,1H3	C5H11NO4	1166	-331.83717215270565	3-aminooxypropyl methyl carbonate	COC(=O)OCCCON	-0.449000001	""	PubChem:(59658376)
PESJTHGMSVKJBZ	InChI=1S/C5H9NO3/c1-4(2)5(8)9-6-3-7/h3-4H,1-2H3,(H,6,7)	C5H9NO3	1167	-332.1647223463572	""	CC(C)C(=O)ON=CO	0.938000023	""	PubChem:(88850591)
GTQUCBUAMRXQKN	InChI=1S/C5H9NO3/c1-5(2,3-7)6-4(8)9/h3,6H,1-2H3,(H,8,9)	C5H9NO3	1168	-332.20355323787453	N-(2-methyl-1-oxopropan-2-yl)carbamate	CC(C)(C=O)NC(=O)O	-0.00800000038	""	PubChem:(22172605 22937179)
RQIHBDHXVQTCKK	InChI=1S/C5H9NO3/c1-3-9-5(8)6-4(2)7/h3-4,7H,1H2,2H3,(H,6,8)	C5H9NO3	1169	-332.3569098445263	""	C=COC(=NC(C)O)O	0.70599997	""	PubChem:(89421353)
AIGGAQHFEXMPOS	InChI=1S/C5H9NO3/c1-4(9-2)3-6-5(7)8/h6H,1,3H2,2H3,(H,7,8)	C5H9NO3	1170	-332.61609054389425	""	C=C(CNC(=O)O)OC	0.0820000023	""	PubChem:(118494697)
NRAWGNJPUCTZKK	InChI=1S/C5H9NO3/c1-3(5(7)8)4(6)9-2/h6H2,1-2H3,(H,7,8)	C5H9NO3	1171	-332.8006874925444	(Z)-3-amino-3-methoxy-2-methylprop-2-enoic acid	CC(=C(N)OC)C(=O)O	0.0520000011	""	PubChem:(23334372)
YYNVPZRRUBBEDN	InChI=1S/C5H11NO4/c1-8-6(9-2)3-4-10-5-7/h5H,3-4H2,1-2H3	C5H11NO4	1172	-333.05670097140836	""	CON(CCOC=O)OC	-0.330000013	""	PubChem:(57148787)
BUCJWOXUQCKWSJ	InChI=1S/C5H9NO3/c1-2-3-4-5-9-6(7)8/h3-4H,2,5H2,1H3	C5H9NO3	1173	-333.140065405708	""	CCC=CCON(=O)=O	2.05599999	""	PubChem:(53701322)
NUFQTGQCEZGQSN	InChI=1S/C5H9NO3/c1-3-4-6(9-2)5(7)8/h3H,1,4H2,2H3,(H,7,8)	C5H9NO3	1174	-333.2151092536091	""	C=CCN(C(=O)O)OC	0.225999996	""	PubChem:(88107927)
DAPZDCMTRWIQKQ	InChI=1S/C5H9NO3/c1-2-6(3-4-7)5(8)9/h2,7H,1,3-4H2,(H,8,9)	C5H9NO3	1175	-333.8301790297863	""	C=CN(CCO)C(=O)O	-0.55400002	""	PubChem:(23189644)
IAGLNOTZBJTSKH	InChI=1S/C5H9NO3/c1-3-6-9-4-5(7)8-2/h3,6H,1,4H2,2H3	C5H9NO3	1176	-334.3147649481497	""	C=CNOCC(=O)OC	0.521000028	""	PubChem:(57114417)
JCPDGCHLHNTRAQ	InChI=1S/C5H9NO3/c1-2-9-5(8)6-3-4-7/h3,7H,2,4H2,1H3	C5H9NO3	1177	-334.3631801511653	""	CCOC(=O)N=CCO	-0.114	""	PubChem:(87113351)
GCJCMXHTTQITNZ	InChI=1S/C5H9NO3/c1-3-9-6-4(2)5(7)8/h6H,2-3H2,1H3,(H,7,8)	C5H9NO3	1178	-334.4288245443872	""	CCONC(=C)C(=O)O	0.869000018	""	PubChem:(57158686)
HCHKFRCSUQSEPS	InChI=1S/C5H11NO4/c1-10-3-2-6(4-7)5(8)9/h7H,2-4H2,1H3,(H,8,9)	C5H11NO4	1179	-334.71563937039593	""	COCCN(CO)C(=O)O	-1.05999994	""	PubChem:(53869766 92040797)
CNBYPPZJFUKPCU	InChI=1S/C5H9NO3/c1-6(2)5(8)3-9-4-7/h4H,3H2,1-2H3	C5H9NO3	1180	-335.0385937045138	""	CN(C)C(=O)COC=O	-0.680999994	""	PubChem:(53682981)
XAXTWZTYUJFDMB	InChI=1S/C5H9NO3/c1-4(2-3-7)6-5(8)9/h2-4,6-7H,1H3,(H,8,9)	C5H9NO3	1181	-335.2059435130699	""	CC(C=CO)NC(=O)O	0.363999993	""	PubChem:(88919567)
ZGRJSXCEADTMSQ	InChI=1S/C5H9NO3/c1-2-5(8)6-9-4-3-7/h2,7H,1,3-4H2,(H,6,8)	C5H9NO3	1182	-336.17467692180503	""	C=CC(=NOCCO)O	0.340999991	""	PubChem:(90403681)
FWDZPYDIQAXDRR	InChI=1S/C5H11NO4/c1-3-6-5(8,9)10-4(2)7/h6,8-9H,3H2,1-2H3	C5H11NO4	1183	-336.39169972575615	""	CCNC(O)(O)OC(=O)C	-0.698000014	""	PubChem:(88694521)
SOGBGTHSPILDKG	InChI=1S/C5H11NO4/c1-4(2)5(7)8-3-9-10-6/h4H,3,6H2,1-2H3	C5H11NO4	1184	-336.5705181563132	""	CC(C)C(=O)OCOON	-0.294999987	""	PubChem:(118439490)
BSEMCWYBGLHNEL	InChI=1S/C5H9NO3/c1-2-3-9-5(8)6-4-7/h4H,2-3H2,1H3,(H,6,7,8)	C5H9NO3	1185	-336.6818530722693	""	CCCOC(=O)N=CO	0.630999982	""	PubChem:(54081827)
GMBCCEOJUWMBPF	InChI=1S/C5H9NO3/c1-2-9-5(8)3-6-4-7/h4H,2-3H2,1H3,(H,6,7)	C5H9NO3	1186	-336.9378175954611	Ethylformylglycine	CCOC(=O)CN=CO	-0.328000009	""	PubChem:(76615 10654256 71316939)
CLRJEHCXVGMQDG	InChI=1S/C5H11NO4/c1-10-3-4(7)2-6-5(8)9/h4,6-7H,2-3H2,1H3,(H,8,9)	C5H11NO4	1187	-336.9414300605214	""	COCC(CNC(=O)O)O	-1.30200005	""	PubChem:(90114807)
YMIMLNWXLZGYNC	InChI=1S/C5H9NO3/c1-3(2)4(7)5(8)6-9/h3,9H,1-2H3,(H,6,8)	C5H9NO3	1188	-337.00693558556867	""	CC(C)C(=O)C(=O)NO	-0.527999997	""	PubChem:(89514437)
BAEJCFZRXOQPNU	InChI=1S/C5H11NO4/c1-5(9-2,10-3)6-4(7)8/h6H,1-3H3,(H,7,8)	C5H11NO4	1189	-337.39919602133386	1,1-dimethoxyethylcarbamic acid	CC(NC(=O)O)(OC)OC	-0.0920000002	""	PubChem:(22467893)
XDZKUSJVTFOTJS	InChI=1S/C5H11NO4/c1-3-5(2,4(7)8)6(9)10/h9-10H,3H2,1-2H3,(H,7,8)	C5H11NO4	1190	-337.5968327698137	""	CCC(C)(C(=O)O)N(O)O	-0.93900001	""	PubChem:(87076180 87962254)
CNUOAZBORZRJST	InChI=1S/C5H9NO3/c1-5(2-3-6-5)9-4(7)8/h6H,2-3H2,1H3,(H,7,8)	C5H9NO3	1191	-337.7597219637936	""	CC1(CCN1)OC(=O)O	0.873000026	""	PubChem:(68532074)
MUCKQCLGMXHMNO	InChI=1S/C5H11NO4/c1-10-5(9)6(4-8)2-3-7/h7-8H,2-4H2,1H3	C5H11NO4	1192	-337.8872050797202	""	COC(=O)N(CCO)CO	-1.25800002	""	PubChem:(117802192)
IFEXFCFARHZEHB	InChI=1S/C5H11NO4/c1-9-4-3-6(10-2)5(7)8/h3-4H2,1-2H3,(H,7,8)	C5H11NO4	1193	-338.48393538913217	""	COCCN(C(=O)O)OC	-0.578999996	""	PubChem:(89377917)
ZSZBVBNKFVZFHQ	InChI=1S/C5H9NO3/c1-4(2-6-9)5(8)3-7/h7-8H,2-3H2,1H3	C5H9NO3	1194	-338.74342838541367	""	CC(=C(CO)O)CN=O	-1.18799996	""	PubChem:(129075752)
JGFBOUXNFZESCJ	InChI=1S/C5H9NO3/c1-3(7)4-2-6(9)5(4)8/h3-4,7,9H,2H2,1H3	C5H9NO3	1195	-338.74463450109647	""	CC(C1CN(C1=O)O)O	-0.735000014	""	PubChem:(70422455)
BNQWDKYOBFHNTQ	InChI=1S/C5H9NO3/c1-3-6-9-5(7)8-4-2/h3H,4H2,1-2H3	C5H9NO3	1196	-338.84552593238556	""	CC=NOC(=O)OCC	1.63600004	""	PubChem:(87857805)
YQEDHDLEDMFQCV	InChI=1S/C5H9NO3/c1-4(7)6-2-3-9-5(6)8/h4,7H,2-3H2,1H3	C5H9NO3	1197	-339.14017409676745	3-(1-hydroxyethyl)-1,3-oxazolidin-2-one	CC(N1CCOC1=O)O	0.129999995	""	PubChem:(22666838 90415526)
YHTTWPIFTSXFTC	InChI=1S/C5H9NO3/c7-4-9-5-3-6-1-2-8-5/h4-6H,1-3H2	C5H9NO3	1198	-339.3157166174183	""	C1COC(CN1)OC=O	-0.606999993	""	PubChem:(91405229)
ZXAKETHBNHEYML	InChI=1S/C5H9NO3/c1-3-4-9-5(7)6-8-2/h3H,1,4H2,2H3,(H,6,7)	C5H9NO3	1199	-340.1594271605455	""	C=CCOC(=NOC)O	1.54400003	""	PubChem:(88069613)
QMTURMMLOVQDCL	InChI=1S/C5H9NO3/c1-6-5(2-3-5)9-4(7)8/h6H,2-3H2,1H3,(H,7,8)	C5H9NO3	1200	-340.3889040808194	""	CNC1(CC1)OC(=O)O	0.808000028	""	PubChem:(70423919)
YJJRHGYOQCDVLX	InChI=1S/C5H11NO4/c1-8-4-9-2-3-10-5(6)7/h2-4H2,1H3,(H2,6,7)	C5H11NO4	1201	-340.43847112738956	""	COCOCCOC(=N)O	0.254000008	""	PubChem:(90291315)
VWRMUTKBDQWLAX	InChI=1S/C5H11NO4/c1-3(2)4(5(7)8)6(9)10/h3-4,9-10H,1-2H3,(H,7,8)/p-1	C5H11NO4	1202	-340.6554126074122	N,N-dihydroxy-L-valine	CC(C)C(C(=O)O)N(O)O	-0.751999974	""	KEGG:(C20314);biological;Plantcyc:(CPD-4863);PubChem:(25202132 25202133);CHEBI:(61141 61142);Biocyc:(CPD-4863)
JOGDDTFDQCSFTF	InChI=1S/C5H11NO4/c1-6(8-2)5(7)4-10-9-3/h4H2,1-3H3	C5H11NO4	1203	-340.76951803774375	N-methoxy-N-methyl-2-methylperoxyacetamide	CN(C(=O)COOC)OC	-0.630999982	""	PubChem:(59471222)
UOVYJOTXQVKWIR	InChI=1S/C5H9NO3/c1-2-3-9-5(8)4(6)7/h2,4,7H,1,3,6H2	C5H9NO3	1204	-341.22140995863055	""	C=CCOC(=O)C(N)O	-0.717000008	""	PubChem:(88333033)
QWRHMPGCOLWPSC	InChI=1S/C5H9NO3/c1-4(2)9-5(6-7)8-3/h7H,1H2,2-3H3	C5H9NO3	1205	-341.67789094572566	""	C=C(C)OC(=NO)OC	1.34399998	""	PubChem:(88193105)
ZZAUSBHKAWJPAD	InChI=1S/C5H11NO4/c1-4(2)3-9-5(7)10-6-8/h4,6,8H,3H2,1-2H3	C5H11NO4	1206	-341.7866285683918	""	CC(C)COC(=O)ONO	0.994000018	""	PubChem:(89200024)
RPLRICKYEHUWSV	InChI=1S/C5H9NO3/c7-6(8)9-5-3-1-2-4-5/h1,3,5,7-8H,2,4H2	C5H9NO3	1207	-341.83270020709654	""	C1=CC(CC1)ON(O)O	-0.201000005	""	PubChem:(66827937)
YXPAIXRLKJIMHA	InChI=1S/C5H11NO4/c1-2-6(3-7)5(9)10-4-8/h7-8H,2-4H2,1H3	C5H11NO4	1208	-341.9002283732028	""	CCN(CO)C(=O)OCO	-0.698000014	""	PubChem:(54532640)
ILVYYUXBLOIYPK	InChI=1S/C5H9NO3/c7-3-5(4-8)1-2-6-9-5/h1-2,6-8H,3-4H2	C5H9NO3	1209	-342.165435793642	""	C1=CNOC1(CO)CO	-0.34799999	""	PubChem:(56623672)
YUYWYHMFRXQAGB	InChI=1S/C5H9NO3/c1-8-4-9-6-3-2-5(6)7/h2-4H2,1H3	C5H9NO3	1210	-342.529499422472	""	COCON1CCC1=O	-0.671999991	""	PubChem:(54528709)
HOXQMFQTCWXVEK	InChI=1S/C5H9NO3/c1-2-6-4(7)3-9-5(6)8/h4,7H,2-3H2,1H3	C5H9NO3	1211	-342.77548911744066	""	CCN1C(COC1=O)O	-0.298999995	""	PubChem:(69839817)
LWMJEICECKBPAS	InChI=1S/C5H11NO4/c1-3(2)6(10)4(7)5(8)9/h3,5,8-10H,1-2H3	C5H11NO4	1212	-342.8505672850169	""	CC(C)N(C(=O)C(O)O)O	-1.45700002	""	PubChem:(91099671)
FWTQGYVFFSYFAQ	InChI=1S/C5H11NO4/c1-5(2,3-7)4(8)6(9)10/h7,9-10H,3H2,1-2H3	C5H11NO4	1213	-342.9880877678997	""	CC(C)(CO)C(=O)N(O)O	-1.59099996	""	PubChem:(87864034)
IRTZIHODIYMOSL	InChI=1S/C5H9NO3/c1-2-7-5(6-1)8-3-4-9-5/h6H,1-4H2	C5H9NO3	1214	-343.49944244585953	""	C1COC2(N1)OCCO2	-0.723999977	""	PubChem:(53932040)
IOCRZUORVLCGRQ	InChI=1S/C5H9NO3/c1-3-6(8)4-5(7)9-2/h3H,4H2,1-2H3	C5H9NO3	1215	-343.8157581109641	""	CC=N(=O)CC(=O)OC	0.136999995	""	PubChem:(102335000)
DHVKJXUIAIUEJF	InChI=1S/C5H9NO3/c1-3-9-5(7)4-6(2)8/h4H,3H2,1-2H3	C5H9NO3	1216	-344.0101689813424	2-ethoxy-N-methyl-2-oxoethanimine oxide	CCOC(=O)C=N(=O)C	0.128000006	""	PubChem:(10986255 15203489 72747408)
SJELOMRLLDOEGA	InChI=1S/C5H9NO3/c1-3(7)4(9-2)5(6)8/h7H,1-2H3,(H2,6,8)	C5H9NO3	1217	-344.02753968286015	""	CC(=C(C(=N)O)OC)O	0.757000029	""	PubChem:(54716623)
PTBIKFVIRQZKTN	InChI=1S/C5H9NO3/c1-2-8-3-4-9-5(6)7/h2H,1,3-4H2,(H2,6,7)	C5H9NO3	1218	-344.3040588976579	2-ethenoxyethyl carbamate	C=COCCOC(=N)O	1.11099994	""	PubChem:(23370742)
OQKIUEPKMBPGOI	InChI=1S/C5H11NO4/c1-4(6-5(8)9)10-3-2-7/h4,6-7H,2-3H2,1H3,(H,8,9)	C5H11NO4	1219	-344.3960133874065	""	CC(NC(=O)O)OCCO	-0.741999984	""	PubChem:(88593543)
FRADUYJXZQGTDQ	InChI=1S/C5H11NO4/c1-6(3-9-2)4-10-5(7)8/h3-4H2,1-2H3,(H,7,8)	C5H11NO4	1220	-345.3525124889241	[methoxymethyl(methyl)amino]methyl hydrogen carbonate	CN(COC)COC(=O)O	0.0280000009	""	PubChem:(18336089)
YKIJLVHCUGANKD	InChI=1S/C5H9NO3/c1-2-9-6(5-8)3-4-7/h4-5H,2-3H2,1H3	C5H9NO3	1221	-345.38998411197036	""	CCON(CC=O)C=O	-0.256000012	""	PubChem:(88777655)
KPXYLSZDHPGWRA	InChI=1S/C5H9NO3/c1-5(8)2-6(4-7)9-3-5/h4,8H,2-3H2,1H3	C5H9NO3	1222	-345.6260938629516	""	CC1(CN(C=O)OC1)O	-0.939999998	""	PubChem:(22054385)
VCLPOHRMFJHKMC	InChI=1S/C5H11NO4/c1-9-4(10-2)3-6-5(7)8/h4,6H,3H2,1-2H3,(H,7,8)	C5H11NO4	1223	-346.98008911833244	N-(2,2-dimethoxyethyl)carbamate	COC(CNC(=O)O)OC	-0.646000028	""	PubChem:(18938836 19982515)
WTWQKFQXAFHQOD	InChI=1S/C5H11NO4/c1-2-10-5(8)3-6(9)4-7/h7,9H,2-4H2,1H3	C5H11NO4	1224	-347.0750638738581	""	CCOC(=O)CN(CO)O	-1.27100003	""	PubChem:(57110891)
WACJSVGSKOVWTA	InChI=1S/C5H11NO4/c1-6-5(7)10-4-9-3-8-2/h3-4H2,1-2H3,(H,6,7)	C5H11NO4	1225	-347.2799749007921	""	CN=C(O)OCOCOC	0.358999997	""	PubChem:(55287951)
JHKFRYCBTBZJTL	InChI=1S/C5H9NO3/c1-4(3-6-2)5(7)9-8/h3,6,8H,1-2H3	C5H9NO3	1226	-347.3555729171761	""	CC(=CNC)C(=O)OO	-0.391000003	""	EcoCyc Mine;KEGG Mine
RIWPNNONFQYSEV	InChI=1S/C5H9NO3/c1-3(2)4-8-5(7)6-9-4/h3-4H,1-2H3,(H,6,7)	C5H9NO3	1227	-347.482322082386	""	CC(C)C1OC(=NO1)O	1.97099996	""	PubChem:(54269091)
UPOVSWVIQVHMOK	InChI=1S/C5H11NO4/c1-2-10-5(9)6(3-7)4-8/h7-8H,2-4H2,1H3	C5H11NO4	1228	-347.7527666650979	ethyl bis(hydroxymethyl)carbamate	CCOC(=O)N(CO)CO	-0.698000014	""	PubChem:(77491)
GZYVFTYOIOWTAO	InChI=1S/C5H9NO3/c1-2-8-5(7)6-3-4-9-6/h2-4H2,1H3	C5H9NO3	1229	-347.88658316585634	ethyl oxazetidine-2-carboxylate	CCOC(=O)N1CCO1	0.144999996	""	PubChem:(21823664)
KQMAOHJYHJWEHY	InChI=1S/C5H9NO3/c1-9-5(8)2-4(6)3-7/h2,7H,3,6H2,1H3	C5H9NO3	1230	-348.0110626474474	2-Butenoic acid, 3-amino-4-hydroxy-, methyl ester	COC(=O)C=C(CO)N	-1.01600003	""	PubChem:(71331377 88711691)
SEEJJDRAPPJDRI	InChI=1S/C5H9NO3/c1-5(8)3-9-4(7)6(5)2/h8H,3H2,1-2H3	C5H9NO3	1231	-348.19455312814927	4-hydroxy-3,4-dimethyl-1,3-oxazolidin-2-one	CC1(COC(=O)N1C)O	-0.305000007	""	PubChem:(20502325)
RJCPWVQDVAMRMC	InChI=1S/C5H11NO4/c1-6(3-4(7)8)5(9)10-2/h4,7-8H,3H2,1-2H3	C5H11NO4	1232	-349.39862186894976	""	CN(CC(O)O)C(=O)OC	-1.22099996	""	PubChem:(129171680)
PIBQXJLLWNZJKD	InChI=1S/C5H9NO3/c1-2-5(8)9-4-6-3-7/h2,6-7H,1,3-4H2	C5H9NO3	1233	-349.69678718799	(hydroxymethylamino)methyl prop-2-enoate	C=CC(=O)OCNCO	-0.287999988	""	PubChem:(20537606)
TWEDPSDCSIFLSJ	InChI=1S/C5H9NO3/c1-2-9-5(8)4(7)3-6/h3,7H,2,6H2,1H3	C5H9NO3	1234	-349.95462966298305	""	CCOC(=O)C(=CN)O	0.127000004	""	PubChem:(88996495)
AUJIRUPZFIFBEV	InChI=1S/C5H9NO3/c1-3-6(8)5(7)9-4-2/h4,8H,2-3H2,1H3	C5H9NO3	1235	-350.67454109811496	""	CCN(C(=O)OC=C)O	0.213	""	PubChem:(87120519)
HYXGDTMWOALQJL	InChI=1S/C5H9NO3/c1-3-8-5(7)6-9-4-2/h4H,2-3H2,1H3,(H,6,7)	C5H9NO3	1236	-350.6788585885311	""	CCOC(=NOC=C)O	1.80499995	""	PubChem:(57488502)
VNOOCKOUUMIAAY	InChI=1S/C5H9NO3/c1-5(2,3)9-4(7)6-8/h1-3H3	C5H9NO3	1237	-350.8754406827016	Formic acid, nitroso-, 1,1-dimethylethyl ester	CC(C)(C)OC(=O)N=O	0.667999983	""	PubChem:(15684207);biological
YOJZURZOBLMDLI	InChI=1S/C5H11NO4/c1-2-9-5(6,8)10-4-3-7/h3,8H,2,4,6H2,1H3	C5H11NO4	1238	-350.9458414504626	""	CCOC(N)(O)OCC=O	-0.994000018	""	PubChem:(117768114)
PQDLBDHLQDKOED	InChI=1S/C5H9NO3/c1-4-2-3-9-5(7)6(4)8/h4,8H,2-3H2,1H3	C5H9NO3	1239	-351.75049305697695	""	CC1CCOC(=O)N1O	0.374000013	""	PubChem:(118176364)
WSZSDLXCQBPTLO	InChI=1S/C5H9NO3/c1-4(7)8-5(2)9-6-3/h5H,3H2,1-2H3	C5H9NO3	1240	-351.88855307377924	""	CC(=O)OC(C)ON=C	1.48699999	""	PubChem:(89929101)
ORLPTSFMGGKGEA	InChI=1S/C5H9NO3/c1-3-5(2,7)4-6(8)9/h3,7H,1,4H2,2H3	C5H9NO3	1241	-351.9353967994046	3-Buten-2-ol, 2-methyl-1-nitro-	C=CC(C)(CN(=O)=O)O	-0.210999995	""	PubChem:(10986256)
AUENOUJMFHTYLE	InChI=1S/C5H9NO3/c1-6(9)3-2-5(8)4-7/h2-3,7,9H,4H2,1H3	C5H9NO3	1242	-352.90795676683825	""	CN(C=CC(=O)CO)O	-1.77499998	""	PubChem:(118219570)
STMQWJDTNRSHOH	InChI=1S/C5H9NO3/c1-3-8-5(7)4-9-6-2/h2-4H2,1H3	C5H9NO3	1243	-353.5657552442487	Acetic acid, [(methyleneamino)oxy]-, ethyl ester	CCOC(=O)CON=C	0.985000014	""	PubChem:(18458603)
JZWXBNFQVVVSHT	InChI=1S/C5H9NO3/c1-3(7)4(6)5(8)9-2/h7H,6H2,1-2H3	C5H9NO3	1244	-353.6684887291417	""	CC(=C(C(=O)OC)N)O	-0.0599999987	""	PubChem:(86316564)
DPNSRJSFRDLFPS	InChI=1S/C5H9NO3/c1-3-5(7)4(2)6(8)9/h5,7H,2-3H2,1H3	C5H9NO3	1245	-354.30608317619283	""	CCC(C(=C)N(=O)=O)O	0.887000024	""	PubChem:(13538267)
UHVIQAMXMYFYBA	InChI=1S/C5H9NO3/c1-8-6-4-9-3-2-5(6)7/h2-4H2,1H3	C5H9NO3	1246	-355.24942557035325	""	CON1COCCC1=O	-0.671999991	""	PubChem:(89167744)
ZEVZHFVKZQWKKH	InChI=1S/C5H9NO3/c1-3-6(9-2)4-5(7)8/h3H,1,4H2,2H3,(H,7,8)	C5H9NO3	1247	-355.5762074257772	""	C=CN(CC(=O)O)OC	-0.395000011	""	PubChem:(54543431)
NKWYBZUUYVOBDI	InChI=1S/C5H9NO3/c1-8-4(6)3-5(7)9-2/h3H,6H2,1-2H3	C5H9NO3	1248	-355.7732677469514	""	COC(=CC(=O)OC)N	0.192000002	""	PubChem:(13568071 55285191 76223768)
VYEKDKXPONDPHH	InChI=1S/C5H9NO3/c1-3-4-9-6(2)5(7)8/h3H,1,4H2,2H3,(H,7,8)	C5H9NO3	1249	-356.5649654644206	""	C=CCON(C)C(=O)O	0.225999996	""	PubChem:(87142730)
ODXSZOIMGCUIEY	InChI=1S/C5H9NO3/c1-3-4(7)6-5(8)9-2/h3,5,8H,1H2,2H3,(H,6,7)	C5H9NO3	1250	-356.6162794314015	N-[hydroxy(methoxy)methyl]prop-2-enamide	C=CC(=NC(O)OC)O	-0.101999998	""	PubChem:(18690255)
JRRQQIUIZATDKH	InChI=1S/C5H11NO4/c1-6(3-7)5(8)10-4-9-2/h7H,3-4H2,1-2H3	C5H11NO4	1251	-356.77044627207283	methoxymethyl N-(hydroxymethyl)-N-methylcarbamate	CN(CO)C(=O)OCOC	-0.601999998	""	PubChem:(3022751)
MXHMLJDOJMEHBJ	InChI=1S/C5H9NO3/c1-2-5(8)6(9)3-4-7/h2,7,9H,1,3-4H2	C5H9NO3	1252	-356.8869245253308	""	C=CC(=O)N(CCO)O	-1.25100005	""	PubChem:(88788586)
LUFCMBLTRUSFOS	InChI=1S/C5H9NO3/c1-4(6)5(8)9-3-2-7/h7H,1-3,6H2	C5H9NO3	1253	-357.2456108947826	""	C=C(C(=O)OCCO)N	-0.667999983	""	PubChem:(89566403)
BONJYTCUYDLESO	InChI=1S/C5H9NO3/c1-5(8)3-4(7)6(2)9-5/h8H,3H2,1-2H3	C5H9NO3	1254	-358.1092529321023	5-hydroxy-2,5-dimethyl-3-isoxazolidinone	CC1(CC(=O)N(C)O1)O	-0.736999989	""	PubChem:(12589367)
PJINRNWJALSKHJ	InChI=1S/C5H9NO3/c1-3-5(2,4-7)6(8)9/h3,7H,1,4H2,2H3	C5H9NO3	1255	-358.1554284695027	""	C=CC(C)(CO)N(=O)=O	0.467000008	""	PubChem:(13736027 101582876);biological
SBDCJOLHUQEIJU	InChI=1S/C5H9NO3/c1-8-4-6-2-3-9-5(6)7/h2-4H2,1H3	C5H9NO3	1256	-358.3832570084073	2-Oxazolidinone, 3-(methoxymethyl)-	COCN1CCOC1=O	-0.239999995	""	PubChem:(22132954)
NLEPDOASNNDPBD	InChI=1S/C5H11NO4/c1-9-3-6(4-10-2)5(7)8/h3-4H2,1-2H3,(H,7,8)	C5H11NO4	1257	-358.57830347353405	bis(methoxymethyl)carbamic acid	COCN(COC)C(=O)O	-0.404000014	""	PubChem:(18962122)
MWVYJHKGGUJBFJ	InChI=1S/C5H13NO5/c1-9-2-3-10-4-5-11-6(7)8/h7-8H,2-5H2,1H3	C5H13NO5	1258	-358.84810416832624	""	COCCOCCON(O)O	-1.59000003	""	PubChem:(88870512)
ZWDAJSOPZJNKTQ	InChI=1S/C5H9NO3/c1-3-4(7)6-5(2,8)9/h3,8-9H,1H2,2H3,(H,6,7)	C5H9NO3	1259	-359.01260065719873	""	C=CC(=NC(C)(O)O)O	-0.510999978	""	PubChem:(54569327)
QYMHFWKYJMEOPQ	InChI=1S/C5H9NO3/c1-3-6-9-5(7)8-4-2/h3,6H,1,4H2,2H3	C5H9NO3	1260	-359.6971709873265	""	C=CNOC(=O)OCC	1.28199995	""	PubChem:(91185542)
CDTLCEVLGYCAOX	InChI=1S/C5H9NO3/c1-8-5(7)3-4-6-9-2/h3-4,6H,1-2H3	C5H9NO3	1261	-359.847446301687	""	COC(=O)C=CNOC	0.510999978	""	PubChem:(103254327)
KHSKYZRTLMMAPE	InChI=1S/C5H9NO3/c1-2-9-3-4(6)5(7)8/h3H,2,6H2,1H3,(H,7,8)	C5H9NO3	1262	-359.91710076868776	""	CCOC=C(C(=O)O)N	-2.03900003	""	PubChem:(88898707)
MXMBBNNBUZGXPF	InChI=1S/C5H9NO3/c7-2-1-6-4-9-3-5(6)8/h7H,1-4H2	C5H9NO3	1263	-360.1639965947553	""	C(CO)N1COCC1=O	-1.44799995	""	PubChem:(66716012)
PCDHVVKQJYASDA	InChI=1S/C5H9NO3/c1-9-3-4(6)2-5(7)8/h2H,3,6H2,1H3,(H,7,8)	C5H9NO3	1264	-360.5458829054298	""	COCC(=CC(=O)O)N	-0.818000019	""	PubChem:(20351467)
IVMHWOSXRHVBLD	InChI=1S/C5H9NO3/c1-8-3-4(6)5(7)9-2/h3H,6H2,1-2H3	C5H9NO3	1265	-361.08803845680995	ACMC-20miis	COC=C(C(=O)OC)N	0.0250000004	""	PubChem:(71337448 91978937)
IVLANCWKLFNLED	InChI=1S/C5H9NO3/c1-2-3-9-4-6-5(7)8/h2,6H,1,3-4H2,(H,7,8)	C5H9NO3	1266	-361.580607037487	N-(prop-2-enoxymethyl)carbamate	C=CCOCNC(=O)O	0.122000001	""	PubChem:(21491081 21540715)
QKRAGQNDSDJVQJ	InChI=1S/C5H9NO3/c1-3-5(8)6(4-7)9-2/h3,7H,1,4H2,2H3	C5H9NO3	1267	-361.88567664303963	""	C=CC(=O)N(CO)OC	-0.518999994	""	PubChem:(88155314)
NQEMGDJKEWOKMI	InChI=1S/C5H9NO3/c1-5(2-9-3-5)6-4(7)8/h6H,2-3H2,1H3,(H,7,8)	C5H9NO3	1268	-361.91280615697957	""	CC1(COC1)NC(=O)O	-0.386000007	""	PubChem:(67999291)
BAWBFPXAHDMEAS	InChI=1S/C5H9NO3/c7-4-3-6-2-1-5-8-9-6/h1,5,7H,2-4H2	C5H9NO3	1269	-362.0521004187981	""	C1=COON(C1)CCO	-0.711000025	""	PubChem:(88158865)
ZAKSREFSJNUJLO	InChI=1S/C5H9NO3/c1-9-4(2-3-7)5(6)8/h2,7H,3H2,1H3,(H2,6,8)	C5H9NO3	1270	-362.9233176514383	""	COC(=CCO)C(=N)O	0.134000003	""	PubChem:(88079690)
NQRRIMBLXXLSFB	InChI=1S/C5H9NO3/c1-2-9-5(8)3-4(6)7/h3,8H,2H2,1H3,(H2,6,7)	C5H9NO3	1271	-363.935350242789	""	CCOC(=CC(=O)N)O	-0.023	""	PubChem:(55283730)
CGIAJQNZNBCNNJ	InChI=1S/C5H11NO4/c1-2-3-10-5(7)4-6(8)9/h8-9H,2-4H2,1H3	C5H11NO4	1272	-365.0050198790415	""	CCCOC(=O)CN(O)O	-0.83099997	""	PubChem:(87109789)
QNYFBSABYYASCB	InChI=1S/C5H11NO4/c1-9-4-6(3-7)5(8)10-2/h7H,3-4H2,1-2H3	C5H11NO4	1273	-365.2293083067141	Methyl (hydroxymethyl)(methoxymethyl)-carbamate	COCN(CO)C(=O)OC	-0.601999998	""	PubChem:(14178921)
WWYOBKFYYWTLQE	InChI=1S/C5H9NO3/c7-2-1-6-3-5(8)9-4-6/h7H,1-4H2	C5H9NO3	1274	-365.5350408656963	""	C(CO)N1CC(=O)OC1	-1.01600003	""	PubChem:(58298192)
OGKHVOMVHUSUKG	InChI=1S/C5H9NO3/c7-4-6-1-2-9-3-5(6)8/h7H,1-4H2	C5H9NO3	1275	-365.72616345365134	""	C1COCC(=O)N1CO	-1.01900005	""	PubChem:(54148991)
BWFXQGWEOKNEOH	InChI=1S/C5H11NO4/c1-3-4(7)10-6-5(2,8)9/h6,8-9H,3H2,1-2H3	C5H11NO4	1276	-365.7788985048304	""	CCC(=O)ONC(C)(O)O	-0.202000007	""	PubChem:(87960040)
IRDYVPKWLMCLCI	InChI=1S/C5H9NO3/c1-6-2-3-9-5(8)4(6)7/h5,8H,2-3H2,1H3	C5H9NO3	1277	-367.89076858395725	3-morpholinone,2-hydroxy-4-methyl-,(s)-	CN1CCOC(C1=O)O	-0.916000009	""	PubChem:(45087480 91989786)
IYQCNNHBMKKQME	InChI=1S/C5H9NO3/c1-2-3-4-5(7)6(8)9/h2,8-9H,1,3-4H2	C5H9NO3	1278	-368.58196174834615	""	C=CCCC(=O)N(O)O	-0.180999994	""	PubChem:(87084237)
UTYLFOVDXDAMNO	InChI=1S/C5H9NO3/c1-4(6(7)8)5(2)9-3/h1-3H3	C5H9NO3	1279	-369.4160300422882	(Z)-2-methoxy-3-nitrobut-2-ene	CC(=C(C)OC)N(=O)=O	1.25999999	""	PubChem:(21350125 89148650)
AWAWZLPYDWXCQE	InChI=1S/C5H9NO3/c1-2-9-6-4-3-5(7)8/h3-4,6H,2H2,1H3,(H,7,8)	C5H9NO3	1280	-371.382277379005	""	CCONC=CC(=O)O	0.612999976	""	PubChem:(103254522)
GCQKTKLKKJYFKQ	InChI=1S/C5H11NO4/c1-6(9-2)5(8)10-4-3-7/h7H,3-4H2,1-2H3	C5H11NO4	1281	-372.1613170093788	""	CN(C(=O)OCCO)OC	-0.77700001	""	PubChem:(79349842)
LLISNQGHUQZRQV	InChI=1S/C5H9NO3/c1-3(4(2)7)6-5(8)9/h4,6-7H,1H2,2H3,(H,8,9)	C5H9NO3	1282	-372.7344072107351	""	C=C(C(C)O)NC(=O)O	-0.261999995	""	PubChem:(89421161)
YFJBINQVPOQPKG	InChI=1S/C5H11NO4/c1-2-8-4-9-5(7)6-3-10-6/h5,7H,2-4H2,1H3	C5H11NO4	1283	-373.92686362470454	""	CCOCOC(N1CO1)O	-0.521000028	""	PubChem:(88968662)
NHFHUHYQLRYLIE	InChI=1S/C5H11NO4/c1-6(10-3)4(7)5(8)9-2/h5,8H,1-3H3	C5H11NO4	1284	-375.09335756263	""	CN(C(=O)C(O)OC)OC	-1.22599995	""	PubChem:(11084041)
IFJODADJZYDFPQ	InChI=1S/C5H9NO3/c1-3-4(2)5(7)6(8)9/h8-9H,2-3H2,1H3	C5H9NO3	1285	-377.07215339385414	N,N-dihydroxy-2-methylidenebutanamide	CCC(=C)C(=O)N(O)O	-0.268999994	""	PubChem:(21584925)
RMVICQFDRNRRIK	InChI=1S/C5H9NO3/c1-5(2)3-6(8)4(7)9-5/h8H,3H2,1-2H3	C5H9NO3	1286	-379.8409998947746	""	CC1(C)CN(C(=O)O1)O	0.432999998	""	PubChem:(126575745)
MRAVBHKBWCDSID	InChI=1S/C5H9NO3/c7-5-6-1-4(2-8-5)3-9-5/h4,6-7H,1-3H2	C5H9NO3	1287	-380.2058867799985	""	C1C2COC(N1)(O)OC2	-1.01100004	""	PubChem:(87764681)
VZMXCSUNAPPYPH	InChI=1S/C5H9NO3/c1-3-2-6(9)5(8)4(3)7/h3-4,7,9H,2H2,1H3	C5H9NO3	1288	-380.66349840500743	""	CC1CN(C(=O)C1O)O	-0.465000004	""	PubChem:(89514490)
CWSLWNONJMIRNT	InChI=1S/C5H9NO3/c1-2-9-4(6)3-5(7)8/h3H,2,6H2,1H3,(H,7,8)	C5H9NO3	1289	-380.70508447210756	(E)-3-amino-3-ethoxyprop-2-enoate	CCOC(=CC(=O)O)N	0.294	""	PubChem:(20571008 21738240 53433753 58894021)
WIXLTRHIRYMCIG	InChI=1S/C5H9NO3/c1-2-9-5(8)6-3-4-7/h3-4,7H,2H2,1H3,(H,6,8)	C5H9NO3	1290	-380.86979984339536	""	CCOC(=NC=CO)O	0.411000013	""	PubChem:(87878094)
XTUBKCZIGYCBFS	InChI=1S/C5H9NO3/c7-5-2-1-3-9-4-6(5)8/h8H,1-4H2	C5H9NO3	1291	-381.06418974087495	""	C1CC(=O)N(COC1)O	-0.479999989	""	PubChem:(68170174)
NCXHQYDRJKJZJF	InChI=1S/C5H9NO3/c1-2-9-5(8)4(6)3-7/h3,7H,2,6H2,1H3	C5H9NO3	1292	-382.2645019877509	""	CCOC(=O)C(=CO)N	0.127000004	""	PubChem:(88976303)
ZPBJLSLYZUMPIG	InChI=1S/C5H9NO3/c1-2-6-5(8)9-4-3-7/h2,7H,1,3-4H2,(H,6,8)	C5H9NO3	1293	-382.3631521255212	""	C=CN=C(O)OCCO	-0.384000003	""	PubChem:(87337392)
PLJGENNXZAQPOQ	InChI=1S/C5H9NO3/c1-3-6(4(2)7)5(8)9/h3-4,7H,1H2,2H3,(H,8,9)	C5H9NO3	1294	-383.20123884136285	""	C=CN(C(C)O)C(=O)O	0.0430000015	""	PubChem:(89421160)
KYXPVRNQQNDFNS	InChI=1S/C5H9NO3/c1-8-3-6-2-5(7)9-4-6/h2-4H2,1H3	C5H9NO3	1295	-383.5901309938935	3-(methoxymethyl)-1,3-oxazolidin-5-one	COCN1CC(=O)OC1	-0.360000014	""	PubChem:(21343608)
VBIHTZLMKHWZLK	InChI=1S/C5H9NO3/c1-3-4-9-5(7)6(2)8/h3,8H,1,4H2,2H3	C5H9NO3	1296	-386.9544326666772	""	C=CCOC(=O)N(C)O	-0.0480000004	""	PubChem:(88651011)
BWEXDQHOFKATGQ	InChI=1S/C5H11NO4/c1-3-10-6(4-9-2)5(7)8/h3-4H2,1-2H3,(H,7,8)	C5H11NO4	1297	-390.9861421840477	""	CCON(COC)C(=O)O	-0.0189999994	""	PubChem:(89561545)
ZIOOZPMDUMTEAB	InChI=1S/C5H9NO3/c7-4-3-6-2-1-5-8-9-6/h1-2,7H,3-5H2	C5H9NO3	1298	-392.2633323563641	""	C1=CN(CCO)OOC1	-0.481999993	""	PubChem:(54548985)
MHUVQCCEZXZUHU	InChI=1S/C5H9NO3/c1-5(8)4(7)9-3-2-6-5/h6,8H,2-3H2,1H3	C5H9NO3	1299	-397.1564879744201	""	CC1(C(=O)OCCN1)O	-0.184	""	PubChem:(67680145)
TXPLCKZGFUEFGF	InChI=1S/C5H9NO3/c1-2-3-5(4-7)6(8)9/h3,7H,2,4H2,1H3	C5H9NO3	1300	-405.3811722844184	ACMC-20mxxo	CCC=C(CO)N(=O)=O	0.779999971	""	PubChem:(3025736 6366690 6509824)
KTBINNJFZYXDEC	InChI=1S/C5H9NO3/c1-6(8)2-3-9-5(7)4-6/h2-4H2,1H3	C5H9NO3	1301	-408.9264714329259	""	CN1(=O)CCOC(=O)C1	-1.67999995	""	PubChem:(87105038)
LYHIIBZOHWVGBC	InChI=1S/C5H9NO3/c1-8-5(9-2)3-4-6-7/h3-5H,1-2H3	C5H9NO3	1302	-418.2459547787381	""	COC(C=CN=O)OC	-0.0170000009	""	PubChem:(89295512)
NSVPDSCYBRYIFS	InChI=1S/C5H9NO3/c1-3-6-5(8)9-4(2)7/h3-4,7H,1H2,2H3,(H,6,8)	C5H9NO3	1303	-419.7509205945391	""	C=CN=C(O)OC(C)O	0.213	""	PubChem:(87764302)
CJVQCGCFPSZJSO	InChI=1S/C5H9NO3/c1-6(8)2-3-9-4-5(6)7/h2-4H2,1H3	C5H9NO3	1304	-423.6924678487012	""	CN1(=O)CCOCC1=O	-1.43799996	""	PubChem:(87105037)
YPINKDVNGHJTHL	InChI=1S/C5H9NO3/c1-3-6(8)5(7)9-4-2/h3,8H,1,4H2,2H3	C5H9NO3	1305	-425.6973429930232	""	C=CN(C(=O)OCC)O	0.213	""	PubChem:(18415096)
OGFAFPGLNAOMMJ	InChI=1S/C5H9NO3/c1-5(2)3-9-4(7)6(5)8/h8H,3H2,1-2H3	C5H9NO3	1306	-428.31345298340494	""	CC1(C)COC(=O)N1O	0.432999998	""	PubChem:(85968839)
